From tsumoto@shimane-med.ac.jp  Wed May 19 04:51:46 1999
To: zytkow@uncc.edu, RAUCH@vse.cz, berka@nb.vse.cz, tsumoto@computer.org
Subject: Description of Medical Data and Small parts of Data

Dear Jan(Zytkow), Jan(Rauch) and Petr,

Enclosed please find the small guide for medical data and small parts of 
data.

I will send the original datasets through the Web page.

                           Sincerely yours,

                           Shusaku tsumoto

P.S. From May, I have moved to Shimane Medical University as a
vice manager of Medical Information Center(associate professor).
For CFP and other programme, please use the address below.

-- 
+-------------------------------------------------------------------+
|//----------------------// Shusaku Tsumoto, M.D., Ph.D(Comp Sci).  |
| !     Rough Sets       !  Associate Professor                     |
| !        and           !  Department of Medical Informatics  ,    |
| !  Knowledge Discovery !  Shimane Medical University,             |
| !        in            !  School of Medicine.                     |
| !  Medical Databases   !  89-1 Enya-cho, Izumo-city,              |
|//---------------------//  Shimane 693-8501 Japan                  |
|    TEL +81-853-20-2172                                            |
|    FAX +81-853-20-2170                                            |
|  Email: tsumoto@computer.org                                      |
|  << Forever Voyaging .... >>                                      |
+-------------------------------------------------------------------+

^^^^^^^^^^^^^^^^^^^^^^^^^^^^^^^^^^^^^^^^^^^^^^^^^^^^^^^^^^^^^^^^^^^^^^^^^

Guide to the Medical Data Set

(Domain)

Databases are collected at the University hospital. Each patient 
came to the outpatient clinic on collagen diseases, who is introduced
by some home doctors or general physicians in the local hospitals.

Collagen diseases are auto-immune diseases whose patients generate
antibodies attacking to their bodies. For example, if a patient
generates
antibodies to lung, he/she will lose the respiratory function in a
chronic
course and finally lose their lives. The disease mechanisms are only
partially known and their classification are still fuzzy. Some patients
may generate many kinds of antibodies and their manifestations may
include all the characteristics of collagen diseases.

In these diseases, thrombosis is one of the most important and severe
complications, one of the major cause of death in collagen diseases.
Recently, this complication is closely related with anti-cardiolipin
antibodies, which was discovered by the medical physicians, one of
whom donated the datasets for discovery challenge.

Thrombosis is emergency and
it is important to detect and predict the possibilities of thrombosis.
However, such database analysis has not been made by any experts on
immunology.
Domain experts are very much interested in discovering some regularities
behind patients' observations, which may be a really new discovery in
the
world.

(Goal)

1. Search for good patterns which detect and predict thrombosis.
2. Search for temporal patterns specific/sensitive to thrombosis.
   (Examination date is very close to the date on thrombosis.
    If we can find specific/sensitive patterns before/after the
thrombosis,
    they are very useful.)

3. Search for good features which classifies collagen diseases
collectly.
4. Search for temporal patterns specific/sensitive to each collagen
diseases.

Domain experts told us that if useful patterns are discovered
then they are acceptable in major journals on rheumatology(collagen
diseases.)

(Evaluation Scheme)

One of the domain experts, who is well known for rheumatology, 
will attend PKDD'99 conference and evaluate all the results.

Also, their results will evaluate in the clinical environment in
the future.

(Databases)

Databases consists of three tables. 
(tsumoto_a.csv, tsumoto_b.csv, tsumoto_c.csv).
Each patient in these three tables are connected by ID number.

  tsumoto_a.csv:  Basic Information about Patients (Input by Experts)
                  This dataset includes all patients.

                  Attributes are:
                  ID number 
                  Gender
                  Birthday
                  Description date(the date when a patient was input.) 
                  First date(the date when a patient came to the
hospital.)
                  Diagnosis (Some patients may suffer from several
diseases.)
                  
  tsumoto_b.csv:  Special Laboratory Examinations   (Input by Experts)
                  (Measured by the Laboratory on Collagen Diseases)

                  This dataset does not include all the patients,
                  but includes the patients with these special tests.

                  Attributes are:
                  ID
                  Examination Date	
                  aCL IgG:   anti-Cardiolipin antibody (IgG)
                  aCL IgM:   anti-Cardiolipin antibody (IgM)
                  
                  ANA: anti-nucleus antibody
                  ANA Pattern: pattern observed in the sheet of ANA
examination
                  
                  aCL IgA:   anti-Cardiolipin antibody (IgA)
                  
                  Diagnosis (Some patients may suffer from several
diseases.)	                  
                  KCT: 
                  RVVT: These three laboratory examinations measure
                  LAC:  the degree of coagulation.
                  
                  Symptoms: Other symptoms observed in each patient
                  
                  Thrombosis: this is one of the most important
complications
                              in collagen diseases (Target)

                  *Examination date is very close to the date on
thrombosis.
                   In negative examples, these tests are examined when
                   thrombosis is suspected.


  tsumoto_c.csv: Laboratory Examinations stored in Hospital Information
Systems
                 (Stored from 1980 to 1999.3)
                 All the data includes ordinary laboratory examinations
                 and have temporal stamps.
                 
                 
                 Attributes are shown in the following tables:
                 
                
		Name	Meaning                        		Normal Range 
		ID
		Date:   Data which laboratory examinations are made
		GOT	AST glutamic oxaloacetic transaminase	N<60
		GPT	ALT glutamic pylvic transaminase	N<60
		LDH	lactate dehydrogenase	N<500
		ALP	alkaliphophatase	N<300
		TP	total protein	6.0<N<8.5
		ALB	albumin	3.5<N<5.5
		UA	uric acid	N>8.0 (M)  N>6.5 (F)
		UN	urea nitrogen	N> 30
		CRE 	creatinine	N> 1.5
		T-BIL	total bilirubin	N<2.0
		T-CHO	total cholesterol	N<250
		TG	triglyceride	N<200
		CPK	creatinine phosphokinase	N<250
		GLU	blood glucose	N<180
		WBC	White blood cell	3500 <N<9000
		RBC	Red blood cell	350<N<600
		HGB	Hemoglobin	10<N<17
		HCT	Hematoclit	29<N<52
		PLT	platelet	100<N<400
		PT	prothrombin time	N<14
		APTT	activated partial prothrombin time	N<45
		FG	fibrinogen	150<N<450
		PIC	plasmininhibitor-plasmin complex	N<0.8
		TAT	thrombin-antithrombin III complex	N<3.0
		U-PRO	proteinuria	N=0, 30
		IGG	Ig G	900<N<2000
		IGA	Ig A	80<N<500
		IGM	Ig M	40<N<400
		CRP	C-reactive protein	N= -, +-,   or  N<1.0
		RA	Rhuematoid Factor	N= -, +-
		RF	RAHA	N<20
		C3	complement 3	N>35
		C4	complement 4	N>10
		RNP	anti-ribonuclear protein	N= -, +-
		SM	anti-SM	N= -, +-
		SCl70	anti-scl70	N= -, +-
		SSA	anti-SSA	N= -, +-
		SSB	anti-SSB	N= -, +-
		CENTROMEA	anti-centromere	N= -, +-
		DNA	anti-DNA	N<8
		DNA-II	anti-DNA	N<8

  ((Data Structure in tsumoto_c.csv))
     All the temporal data are stored in tabular form as bellow:

         ID	Date	GOT	GPT	LDH	ALP	TP  .............
	2110	860419	24	12	152	63	7.5
	2110	860430	25	12	162	76	7.9
	2110	860502	22	8	144	68	7
	2110	860506					
	2110	860507					
	2110	860508	22	13	156	66	7.6
	2110	860512	22	9	167	64	8
	2110	860519	28	13	185	60	7.5
	2110	860526	21	12	134	56	7.2
	2110	860527	23	10	165	55	7.1

    So, for example, the first row shows the data of ID 2110 which was
taken
        on 1986/04/19 (19/Apr/1986)

-----------------------------------------------------------------------------------------
% Small parts of tsumoto_a.csv

ID,SEX,Birthday,Description,First Date,Admission,Diagnosis
2110,F,1934/2/13,94.02.14,93.02.10,+,RA susp.
11408,F,1937/5/2,96.12.01,73.01.01,+,PSS
12052,F,1956/4/14,91.08.13,,+,SLE
14872,F,1953/9/21,97.08.13,,+,MCTD
27654,F,1936/3/25,,92.02.03,+,"RA, SLE susp"
30609,F,1944/7/13,91.08.13,,-,"SLE, MCTD"
43003,M,1937/11/24,94.03.08,94.03.08,-,Raynaud's phenomenon
48473,F,1948/10/7,97.08.13,,+,SLE
52199,F,1954/3/16,,,-,PM/DM
57266,M,1923/7/25,97.02.03,93.02.05,+,RA
58139,F,1972/12/23,,,-,SJS
71417,F,1929/10/20,96.12.03,95.06.20,-,RA
81043,M,1967/3/25,,,-,MCTD
102490,F,1982/4/1,94.02.22,,+,PSS
108788,F,1942/3/15,,,+,SJS

-----------------------------------------------------------------------------------------
% Small parts of tsumoto_b.csv

ID,Examination Date,aCL IgG,aCL IgM,ANA,ANA Pattern,aCL
IgA,Diagnosis,KCT,RVVT,LAC,Symptoms,Thrombosis
14872,1997/5/27,1.3,1.6,256,P,0,"MCTD, AMI",,,-,AMI,1
48473,1992/12/21,4.3,4.6,256,"P,S",3.3,SLE,-,-,-,,0
102490,1995/4/20,2.3,2.5,0,,3.5,PSS,,,,,0
108788,1997/5/6,0,0,16,S,0,,,,-,,0
122405,1998/4/2,0,4,4,P,0,"SLE, SjS, vertigo",,,,,0
133382,1996/10/17,1,2.4,1024,S,0,SLE,-,-,-,,0
163109,1997/7/1,6.1,9.5,4096,S,8.7,,-,+,+,CNS lupus,2
174116,1995/11/13,3.7,3,256,P,12.3,"SLE, AIHA",+,+,+,,0
189721,1997/3/10,0,0,16,"P,S",0,Raynaud,,,,,0


-----------------------------------------------------------------------------------------
% Small paarts of tsumoto_c.csv

ID,Date,GOT,GPT,LDH,ALP,TP,ALB,UA,UN,CRE,T-BIL,T-CHO,TG,CPK,GLU,WBC,RBC,HGB,HCT,PLT,PT,APTT,FG,PIC,TAT,U-PRO,IGG,IGA,IGM,CRP,RA,RF,C3,C4,RNP,SM,SC170,SSA,SSB,CENTROMEA,DNA,DNA-II
2110,860419,24,12,152,63,7.5,4.5,3.4,16,0.6,0.4,192,,,,5.9,4.69,9,31.6,380,,,,,,,0,,,,,,,,,,,,,,,
2110,860430,25,12,162,76,7.9,4.6,4.7,18,0.6,0.4,187,76,31,,6.9,4.73,9.3,31.8,323,,,,,,,,,,,<0.002,-,,,,,,,,,,
2110,860502,22,8,144,68,7,4.2,5,18,0.6,0.4,191,,23,,,,,,,,,,,,,,,,,-,,,,,,,,,,,
2110,860506,,,,,,,,,,,,,,,,,,,,,,,,,,0,,,,,,,,,,,,,,,
2110,860507,,,,,,,,,,,,,,,,,,,,,,,,,,0,,,,,,,,,,,,,,,
2110,860508,22,13,156,66,7.6,4.6,4.4,15,0.7,0.5,214,65,25,,7.2,4.93,9.5,33,367,,,,,,,,,,,-,,,,,,,,,,,
2110,860512,22,9,167,64,8,4.8,4.5,14,0.7,0.8,231,67,26,,5,4.62,8.9,30.9,372,,,,,,,0,,,,-,,,,,,,,,,,
2110,860519,28,13,185,60,7.5,4.5,4,13,0.7,0.6,212,113,28,,4.9,4.49,8.5,30,,,,,,,,0,,,,-,,,,,,,,,,,
2110,860526,21,12,134,56,7.2,4.4,3.7,16,0.6,0.4,204,74,16,,7.4,4.71,9.2,31.7,313,,,,,,,0,,,,-,,,,,,,,,,,
2110,860527,23,10,165,55,7.1,4.2,3.6,14,0.7,0.7,208,63,37,,6.5,4.38,8.5,29.3,299,,,,,,,0,,,,-,,,,,,,,,,,
2110,860528,,,,,,,,,,,,,,,,,,,,,,,,,,0,,,,,,,,,,,,,,,
2110,860530,23,10,137,66,7.6,4.4,3.2,12,0.7,0.4,197,169,22,,6.2,4.71,8.9,31.2,312,,,,,,,,,,,<0.002,,,,,,,,,,,
2110,860602,38,22,191,75,8.2,4.7,4.2,19,0.8,0.6,221,,18,,7.1,4.95,9.4,33,346,,,,,,,0,,,,-,-,,,,,,,,,,
2110,860605,27,18,140,63,7.5,4.4,4.1,14,0.8,0.5,205,,,,7.1,4.71,9.2,31.9,355,,,,,,,,,,,-,,,,,,,,,,,
2110,860609,22,13,136,60,7.5,4.5,3.5,17,0.6,0.5,211,76,18,,7.3,4.64,9.1,31.5,370,,,,,,,0,,,,-,,,,,,,,,,,
2110,860707,,,,,,,,,,,,,,,7,4.83,10.5,36.3,324,,,,,,,,,,,,,
2110,861006,,,,,,,,,,,,,,,6.2,4.71,13.1,40.1,236,,,,,,,,,,,,,
2110,861201,,,,,,,,,,,,,,,7.3,4.27,12.9,39.8,284,,,,,,,,,,,,,
2110,870209,,,,,,,,,,,,,,,7.4,4.51,14.1,42.4,278,,,,,,,,,,,,,
2110,870406,,,,,,,,,,,,,,,6.4,4.53,13.9,42.8,260,,,,,,,,,,,,,
2110,880826,23,17,142,89,7.7,4.5,4.7,13,0.6,0.7,203,,21,,6.7,4.5,13.7,41.9,274,,,,,,,-,,,,,,
2110,890109,32,,,,,,,,,,,,,114,7.3,4.28,13.3,41.2,219,,,,,,,,,,,,,
2110,910304,20,15,369,139,6.9,4.2,4.8,11,0.66,0.5,195,,,,5.8,4.25,13,39,276,,,,,,,-,,,,<0.2,,
11408,810511,22,14,177,49,6.9,4,2.9,18,0.9,0.2,197,,17,,5.1,4.05,12,36.3,241,,,,,,,0,,,,-,+,<40
11408,810713,24,13,179,43,7.2,4.6,2.7,19,0.8,0.4,230,155,31,,6.1,3.98,11.7,36.4,36,,,,,,,,,,,-,2+,<40
11408,810907,22,12,173,50,7.6,4.8,3.4,19,0.8,0.4,232,,,,8.2,4.31,12.7,39.5,234,,,,,,,,,,,-,,
11408,811102,34,46,159,104,7.3,4.8,3.7,13,1.2,0.6,218,,,,,,,,,,,,,,,,,,,,,
11408,811130,16,6,161,44,7.1,4.6,2.9,18,1,0.3,199,119,,,6.9,4.03,12.3,37.2,212,,,,,,,,,,,-,,
11408,820104,25,12,179,49,7.3,4.6,3.1,13,1.1,0.3,179,169,41,, , , ,
,,,,,,,,,,,,+,,
11408,820301,23,10,164,43,7.3,4.5,2.7,16,1,0.3,207,154,24,,7.8,3.96,12,36.7,241,,,,,,,,,,,-,+-,
11408,820510,,,,,,,,,,,,,33,,7.5,4.12,12.4,38.4,230,,,,,,,,,,,-,+,
11408,820823,25,12,194,43,7.4,4.6,3.1,17,0.9,0.5,210,,,,9.2,4.08,12.4,38.1,260,,,,,,,0,,,,-,
11408,821018,27,16,169,45,7.2,4.3,2.9,15,0.8,0.4,200,,,,10.1,4.03,12.4,37.2,240,,,,,,,,,,,-,
11408,821213,,,,,,,,,,,,,,,7.6,3.78,11.3,34.8,264,,,,,,,0,,,,-,
11408,830221,24,13,150,46,7,4.2,3.3,15,0.8,0.3,172,,,,6.2,4.15,12.1,37.8,311,,,,,,,,,,,-,
11408,830502,,,,,,,,,,,,,,,11,4.09,12.7,36.7,225,,,,,,,0,,,,-,
11408,830704,35,13,292,46,7,4.2,4.3,18,1,0.8,189,,,,,,,,,,,,,,,,,,,,
11408,830725,21,11,130,38,6.6,4.1,2.8,15,0.9,0.4,184,,16,,,,,,,,,,,,,,,,,,
11408,830808,27,13,182,48,7.2,4.3,3.1,16,0.8,0.4,204,,,,,,,,,,,,,,,,,,,-,
11408,830919,25,13,145,46,7.2,4.3,3.4,17,1,0.4,191,,27,,,,,,,,,,,,,0,,,,-,+
11408,830926,,,,,,,,,,,,,,,6.2,3.91,11.4,34.4,144,,,,,,,,,,,-,
11408,831003,20,12,141,41,7.4,4.5,3.4,17,0.9,0.4,200,,,,6.4,3.92,11.5,34.8,258,,,,,,,,,,,-,
11408,831017,23,14,151,46,7.4,4.6,3.1,16,0.9,0.3,204,,,,,,,,,,,,,,,,,,,-,
11408,831128,,,,,,,,,,,,,36,,,,,,,,,,,,,,,,,,
11408,840220,19,8,137,38,7,4.2,3.7,19,0.6,0.3,175,,26,,6.4,3.84,10.7,32.8,260,,,,,,,,,,,,
11408,840514,,,,,,,,,,,,,,,7.8,3.83,11.4,33.4,288,,,,,,,,,,,-,
11408,840611,,,,,,,,,,,,,,,8.6,4.07,11.7,35.9,310,,,,,,,,,,,-,
11408,841126,,,,,,,,,,,,,,,9.4,3.73,11.1,33.8,284,,,,,,,0,,,,-,
11408,850610,,,,,,,,,,,,,,,,,,,,,,,,,,0,,,,,
11408,850826,24,13,190,49,7.4,4.5,3.6,16,0.8,0.3,196,,13,,8.2,3.96,12.4,39.9,288,,,,,,,,,,,+,
11408,850909,,,,,,,,,,,,,,,,,,,,,,,,,,0,,,,,
11408,851007,,,,,,,,,,,,,,,,,,,,,,,,,,0,,,,,
12052,810409,,,,,,,,,,,,,,,4.6,4.56,12.4,39.3,,,,,,,,0,1265,284,124,-,-
12052,810514,,,,,,,,,,,,,,,4.9,4.77,13.1,41.3,,,,,,,,0,,,,-,-
12052,810611,17,14,161,50,7.4,4.5,4.3,13,0.9,0.5,248,,14,,6.5,4.82,13.5,41.4,252,,,,,,,0,1485,328,140,-,-
12052,810709,16,11,152,49,7.4,4.7,5.7,13,1.1,0.8,233,89,13,,5,4.92,13.8,41.3,,,,,,,,0,,,,-,-
12052,810806,22,14,244,43,7.5,4.9,3.9,14,0.8,0.9,226,58,,,5.5,5.03,13.8,42.3,,,,,,,,0,,,,-,
12052,811008,16,10,134,48,7.4,5,4.2,13,1,0.6,227,47,14,,4.7,4.82,13.9,43.2,235,,,,,,,0,1530,312,132,-,-
12052,811015,,,,,,,,,,,,,,,5.8,4.71,13.9,40.8,,,,,,,,0,,,,-,-
12052,811112,12,10,144,38,6.9,4.6,3.6,16,1,0.5,269,,13,,6.7,4.56,13.4,40.6,223,,,,,,,0,,,,-,-
12052,811126,,,,,,,,,,,,,,,8.3,4.9,13.9,41.7,,,,,,,,0,,,,-,-
12052,811210,,,,,,,,,,,,,,,,,,,,,,,,,,,,,,-,-
12052,811224,15,13,132,33,6.1,4.1,3.7,12,1.2,0.7,270,,,,7.2,4.45,13,39.1,238,,,,,,,0,,,,-,-
12052,820107,,,,,,,,,,,,,,,9,4.85,13.9,42.8,,,,,,,,0,,,,-,-,
12052,820121,,,,,,,,,,,,,,,8.4,4.51,13,39.5,250,,,,,,,0,,,,-,-,
12052,820204,10,16,145,35,6.9,4.5,3.3,16,1.1,0.4,235,71,,,11.9,4.55,13,39.5,283,,,,,,,0,,,,-,-,
12052,820218,,,,,,,,,,,,,,,7.6,4.48,12.5,38.6,276,,,,,,,0,,,,-,-,
12052,820304,,,,,,,,,,,,,,,8.6,4.51,12.6,38.9,,,,,,,,0,,,,-,-,
12052,820318,15,11,137,38,6.7,4.4,3.7,14,1.2,0.7,286,,,,7.1,4.59,12.8,39.6,,,,,,,,0,,,,-,-,<40
12052,820415,12,10,134,36,6.6,4.3,4.3,16,1.2,0.4,266,,,,8.5,4.64,13,39.9,,,,,,,,0,,,,-,-,<40
12052,820513,,,,,,,,,,,,,,,8.4,4.77,12.7,39.5,,,,,,,,0,,,,-,-,<40
12052,820610,22,13,193,36,6.7,4.5,3.8,14,1.1,0.6,253,,,,8.6,4.62,12.8,39.1,,,,,,,,0,,,,-,-,<40
12052,820708,18,12,139,39,7.2,4.7,4.2,14,1.1,0.7,273,,,,7.5,4.73,13,40.1,,,,,,,,0,,,,-,-,<40
12052,820812,18,13,137,33,6.5,4.3,3.7,13,1.2,0.5,243,,,,6.1,4.71,12.9,40.2,,,,,,,,0,,,,-,,
12052,820909,17,14,136,36,6.8,4.4,4,13,1.1,0.5,273,,,,6.7,4.95,13.9,42.6,,,,,,,,0,,,,-,-,<40
12052,821007,25,22,149,35,7,4.5,4.3,19,1,0.5,289,,,,13.3,4.76,13.3,41.1,,,,,,,,0,,,,-,,
12052,821111,14,13,147,34,6.7,4.3,4.1,14,1,0.5,245,,12,,8.2,4.83,13.6,41.7,,,,,,,,0,,,,-,-,<40
12052,821216,18,13,138,39,6.8,4.5,3.5,14,0.6,0.5,257,,,,5.7,4.64,13.2,40.4,248,,,,,,,0,,,,-,-,<40
12052,830113,25,18,206,43,6.8,4.4,4.6,13,1.3,0.6,258,,,,8.2,4.56,13,39.8,,,,,,,,0,,,,-,-,<40
12052,830210,20,15,148,49,7.1,4.6,3.9,11,1.1,0.5,271,,,,8.7,5.03,14.2,43,,,,,,,,0,,,,-,-,<40
12052,830317,22,19,159,42,6.5,4.1,4.3,13,1.1,0.5,243,,,,5.4,4.65,13,40.3,228,,,,,,,0,,,,-,-,<40
12052,830414,,,,,,,,,,,,,,,,,,,,,,,,,,0,,,,-,-,
12052,830512,19,14,152,39,6.4,4.1,4.3,10,1,0.8,214,,,,8.4,4.55,12.6,37.4,,,,,,,,TR,,,,-,-,<40
12052,830516,,,,,,,,,,,,,,,8.1,5.01,13.8,41.5,,,,,,,,,,,,,,
12052,830606,20,18,139,43,6.6,4.2,2.9,7,0.9,0.7,230,,9,,5.8,4.61,12.9,38.4,,,,,,,,0,,,,-,-,<40
12052,830704,24,30,143,47,6.5,4.1,3.7,7,1,0.5,230,,8,,8,4.39,12.6,37.3,257,,,,,,,0,,,,-,-,<40
12052,830811,,,,,,,,,,,,,,,,,,,,,,,,,,TR,,,,-,,
12052,830908,21,23,130,77,6.4,3.9,4.3,10,1,0.4,288,,,,8.1,4.2,11.5,35.2,329,,,,,,,0,,,,-,-,<40
12052,831005,,,,,,,,,,,,,,,7.3,3.84,9.9,30.7,307,,,,,,,,,,,,,
12052,831007,14,11,123,92,5.6,3.4,5.1,9,1,0.3,279,,9,,6,3.83,9.9,30.3,307,,,,,,,TR,,,,-,-,<40
12052,831019,,,,,,,,,,,,,,,6.8,3.91,10,30.3,288,,,,,,,,,,,,,
12052,831104,21,19,155,155,6.3,3.5,6.1,9,1,0.4,300,374,,,7.4,4.36,10.6,33.9,,,,,,,,TR,,,,<0.002,-,<40
12052,831118,23,24,182,186,6.5,3.7,7.8,14,1.5,0.4,297,,,,7.5,4.8,12.5,38.5,288,,,,,,,0,,,,<0.002,-,<40
12052,831130,30,26,153,202,6.6,3.7,9.1,14,1.2,0.4,286,,14,,6.8,5.08,13.8,41.8,308,,,,,,,0,,,,+,-,<40
12052,831219,21,27,160,97,6.4,3.8,7.8,10,0.9,0.5,349,,11,,10.8,5.07,14.2,43.8,210,,,,,,,0,,,,-,-,<40
12052,840109,24,20,232,60,6.9,4.5,8.2,13,0.9,1,313,,22,,9.3,5.36,15.3,47.3,240,,,,,,,0,,,,-,-,<40
12052,840213,15,14,140,67,7.2,4.8,5.7,14,0.6,0.6,287,,,,10,5.49,15.7,49.1,236,,,,,,,0,,,,-,,
12052,840312,17,17,153,60,8,5.2,5.5,16,0.7,1,313,,,,8.7,5.48,15.9,48.9,256,,,,,,,0,,,,-,-,<40
12052,840416,16,12,134,42,7.1,4.5,4,12,0.7,0.7,274,56,,,8,4.87,14.3,43.5,241,,,,,,,0,,,,-,,
12052,840514,16,12,142,47,6.9,4.4,5.1,13,0.8,0.8,257,,,,8.9,4.42,13.5,39.8,238,,,,,,,0,,,,-,,
12052,840604,21,17,155,61,7.7,4.8,5.1,13,0.7,0.5,290,62,,,5.4,4.75,14,42.6,260,,,,,,,0,,,,-,,
12052,840709,17,14,125,51,6.9,4.4,4.5,12,0.9,0.5,256,,,,6.7,4.81,13.7,40.9,260,,,,,,,0,,,,-,-,
12052,840806,19,13,125,46,6.6,4.3,4.6,17,0.8,0.9,232,,,,5.7,4.42,12.6,38.4,236,,,,,,,0,,,,-,,
12052,840917,20,17,133,49,7.2,4.6,4.6,14,0.9,0.4,235,,,,7.4,4.54,13,39.1,264,,,,,,,0,,,,-,,
12052,841022,71,44,306,69,7.5,4.9,5.4,11,0.8,0.9,229,,,,6.4,5.09,14.3,44.4,286,,,,,,,,,,,-,,
12052,841119,29,28,157,60,7,4.5,4.4,10,0.7,0.5,213,,22,,6.1,4.77,13.6,41.5,277,,,,,,,,,,,-,-,
12052,841217,19,17,165,55,7.1,4.5,5.4,12,0.8,0.6,222,,,,7.1,4.75,13.7,41,292,,,,,,,,,,,-,,
12052,850114,27,27,152,63,6.8,4.3,4.9,10,0.9,0.3,201,,21,,7,4.74,13.2,41,279,,,,,,,,1149,327,39,-,-,
12052,850225,17,11,154,52,7.4,4.8,4,15,0.8,0.5,222,,,,11.2,4.76,13.6,43.2,274,,,,,,,0,,,,-,,
12052,850311,23,24,150,53,7.1,4.5,4,18,0.7,0.3,208,,16,,11.8,4.72,13.2,42.7,266,,,,,,,,,,,-,-,
12052,850408,18,13,145,50,7.3,4.6,3.8,13,0.6,0.7,211,,,,16.4,5.03,13.6,45.1,252,,,,,,,,,,,2+,,
12052,850520,27,36,138,77,7,4.4,4.2,16,0.6,0.7,233,,,,8.4,4.62,13,41.8,279,,,,,,,0,,,,-,
12052,850624,23,34,137,80,6.6,4.1,4.7,12,0.8,0.5,203,,,,7.9,4.5,12.7,40.7,264,,,,,,,0,,,,-,-
12052,850715,19,16,153,57,7.2,4.6,5.3,16,0.9,0.5,221,,,,7,4.65,13.1,41.9,285,,,,,,,0,,,,-,-
12052,850812,19,16,143,56,7.1,4.5,3.9,11,0.7,0.6,200,,,,5.3,4.59,12.8,41.9,257,,,,,,,0,,,,-,
12052,850909,17,13,154,56,7.3,4.5,4.5,12,0.8,0.4,207,,,,5.6,4.55,12.8,40.9,230,,,,,,,0,,,,-,-
12052,851021,32,32,142,60,7.5,4.6,4.8,14,0.9,0.5,205,,,,14,4.92,13.6,44.6,247,,,,,,,0,,,,-,
12052,851125,18,17,141,55,7.3,4.5,5.1,12,0.9,0.8,203,,,,6.3,4.83,13.6,42.7,,,,,,,,0,,,,-,
12052,851216,17,18,143,69,7.7,4.6,5.1,16,0.7,0.4,200,,,,12,4.99,13.9,44.3,305,,,,,,,0,,,,-,
12052,860113,29,21,217,66,7,4.3,5.2,10,0.7,0.7,205,,22,,8.5,4.59,12.5,40.3,265,,,,,,,0,1240,303,109,+,
12052,860210,23,17,210,67,7,4.3,5.7,15,0.8,0.6,197,,,,7.6,4.87,13.2,43,285,,,,,,,0,,,,-,
12052,860303,22,24,152,72,7.8,4.7,4.7,11,0.6,0.6,245,,,,7,4.88,13.4,42.9,272,,,,,,,0,,,,-,
12052,860331,23,29,145,71,7.4,4.6,4.6,12,0.6,0.5,233,,21,,6.7,4.96,13.4,43.6,296,,,,,,,0,,,,-,
14872,810217,22,30,179,41,6.6,4.1,3.5,13,0.9,0.3,193,79,,,10,4.44,12.5,38.2,256,,,,,,,0,,,,-,-
14872,810316,22,19,155,37,7.2,4.5,3.2,12,0.8,0.3,185,,13,,7.2,4.5,11.8,37.7,199,,,,,,,,,,,-,
14872,810406,21,20,143,42,7.5,4.7,4.1,12,0.8,0.3,199,,11,,5.6,4.76,12.8,39.4,199,,,,,,,,,,,-,
14872,810427,32,20,218,43,7.2,4.5,3.5,9,0.9,0.3,185,,22,,3.3,4.76,12.3,39.4,183,,,,,,,,,,,-,
14872,810501,33,19,277,38,6.9,4.4,3.3,11,0.8,0.3,184,,17,,5.8,4.43,11.7,36,215,,,,,,,,,,,-,,
14872,810511,23,21,197,54,7.9,4.7,3.2,10,1,0.3,219,,22,,,,,,,11.9,,,,,,0,,,,,,
14872,810525,18,15,151,39,7.2,4.6,3.4,11,1,0.3,205,,13,,7.2,4.52,11.6,37.1,,12.4,,,,,,0,,,,-,,
14872,810601,21,14,149,41,7.4,4.8,3,11,0.7,0.2,215,,17,,7.9,4.65,11.8,37.2,208,12,,,,,,,,,,-,,
14872,810615,,,,,,,,,,,,,15,,,,,,,11.4,,,,,,,,,,-,,
14872,810803,,,,,,,,,,,,,,,,,,,,12.1,,,,,,,,,,,,
14872,810907,18,14,140,38,6.8,4.5,3.3,9,0.8,0.2,165,,18,,5.1,5.04,12.2,38.1,153,,,,,,,,,,,,,
14872,811019,,,,,,,,,,,,,16,,6.6,4.89,12.2,37.9,156,,,,,,,,,,,,,
14872,811221,22,9,155,46,7.5,4.9,3.9,14,0.9,0.3,184,,,,,,,,,,,,,,,,,,,,,
14872,820118,23,11,159,38,7.2,4.7,3.6,12,0.9,0.3,176,,,,5.3,4.69,12.2,37.7,135,,,,,,,0,,,,-,,
14872,820614,30,22,147,45,7.2,4.7,3.6,15,0.8,0.4,145,,18,,5,4.73,13.5,41.1,135,,,,,,,,,,,-,,
14872,820712,,,,,,,,,,,,,,,,,,,,,,,,,,,,,,-,,
14872,820719,25,17,176,53,7,4.3,3.5,14,1,0.3,153,,20,,3.9,4.66,13.5,41.2,149,,,,,,,0,,,,-,-,
14872,820816,,,,,,,,,,,,,,,,,,,,,,,,,,,,,,-,,
14872,821005,30,25,151,41,7.4,4.6,4.6,10,0.9,0.5,177,107,10,,4.8,4.81,14.3,43.5,149,,,,,,,TR,1828,270,115,-,-,<40
14872,821007,,,,,,,,,,,,,,,,,,,,11.5,,,290,,,,,,,,,
14872,821018,30,27,147,38,6.8,4,3.5,9,0.7,0.4,172,105,,,4,4.15,12.8,37.6,122,,,,,,,0,,,,-
14872,821101,30,28,144,39,7.1,4.2,4.3,11,0.7,0.4,172,,,,5.6,4.31,12.8,39.5,128,,,,,,,,,,,
14872,821129,35,34,153,43,7,4.2,4.9,15,0.9,0.3,170,,22,,,,,,,,,,,,,,,,,
14872,821227,33,38,152,43,7.1,4.4,4.8,15,0.9,0.4,177,,18,,,,,,,,,,,,,,,,,
14872,830328,,,,,,,,,,,,,,,6.3,4.67,13.6,41,157,,,,,,,,,,,-
14872,830418,31,20,141,44,6.7,4.1,4.3,7,0.9,0.4,126,,,,3.4,4.22,12.5,37,138,,,,,,,,,,,-
14872,830627,,,,,,,,,,,,,18,,,,,,,,,,,,,,,,,-
14872,830711,,,,,,,,,,,,,,,,,,,,,,,,,,0,,,,
14872,830905,,,,,,,,,,,,,,,6.8,4.65,14.2,41.1,139,,,,,,,,,,,-
14872,831017,,,,,,,,,,,,,,,5.9,4.57,13.6,41.3,142,,,,,,,,,,,-
14872,831212,30,18,142,46,7,4.3,3.2,12,0.9,0.4,133,,18,,,,,,,,,,,,,,,,,<0.002
14872,840123,30,16,139,60,7.9,4.6,4.2,12,0.6,0.4,184,,26,,,,,,,,,,,,,,,,,-
14872,840319,27,17,133,43,7.3,4.4,4,9,0.6,0.4,125,,22,,4.9,4.33,13.3,39.4,125,,,,,,,0,,,,-
14872,840417,29,19,194,50,7.6,4.4,3.2,8,0.5,0.5,136,,0,,18.1,4.18,12.9,37.7,156,,,,,,,0,,,,3+
14872,840423,,,,,,,,,,,,,,,10.2,4.16,12.7,37.4,221,,,,,,,,,,,+
14872,840521,24,15,129,42,6.7,4,3,8,0.5,0.2,148,,11,,6.8,3.77,11.6,34.6,176,,,,,,,,,,,-
14872,840613,,,,,,,,,,,,,,,8.7,3.98,11.8,34.8,,,,,,,,,,,,,,
14872,840625,25,17,138,49,6.9,4.2,3.6,7,0.5,0.3,194,,14,,8.4,3.78,11.9,34.8,189,,,,,,,0,,,,-,,<40
14872,840827,29,21,128,86,6.5,3.7,3.6,7,0.6,0.2,205,,,,8.8,3.53,10.5,31.9,206,,,,,,,0,,,,<0.002,,
14872,840906,,,,,,,,,,,,,,,7.6,3.49,10.4,31.9,233,,,,,,,,,,,,,
14872,840917,,,,,,,,,,,,,,,9.5,3.7,10.9,33.1,221,,,,,,,0,,,,-,,
14872,841015,24,16,132,144,7,3.8,4.2,8,0.5,0.4,228,,14,,8.1,3.81,11.2,33,253,,,,,,,0,,,,-,,
14872,841115,24,12,167,113,5.5,3,4.3,6,0.6,0.4,193,,,,23.4,3.39,9.2,28.5,218,,,,,,,,,,,2+,-,
14872,841116,25,12,175,102,5.3,2.9,3.7,7,0.6,0.3,191,,,,24.1,3.07,8.6,25.9,169,,,,,,,,,,,3+,,
14872,841117,,,,,,,,,,,,,,,15,3.2,8.7,26.8,147,,,,,,,,,,,,,
14872,841119,24,17,151,99,6.3,3.4,4.6,11,0.7,0.4,239,185,,,6.9,3.61,9.9,30.5,194,,,,,,,,,,,+,,
14872,841124,32,36,131,89,6.8,3.9,4.7,15,0.6,0.3,230,150,,,7.7,3.57,10,30.8,,,,,,,,,,,,-,,
14872,850114,41,38,134,58,7.1,4.5,3.9,11,0.6,0.3,185,90,,,7.5,4.53,12.5,38.3,223,,,,,,,,,,,-,,
14872,850318,33,29,153,47,7.1,4.5,3.6,11,0.7,0.3,154,,,,6.9,4.43,12.3,38.4,153,,,,,,,0,,,,,,
14872,850415,29,22,141,48,7.2,4.6,3.2,13,0.6,0.3,151,,,,5.4,4.53,12.8,39.1,138,,,,,,,0,,,,-,,
14872,850513,29,19,147,52,7.7,4.8,3.1,11,0.6,0.5,158,,26,,10,4.57,13.2,40.9,181,,,,,,,0,,,,<0.002,,
14872,850708,,,,,,,,,,,,,,,6.3,4.57,13.3,41.8,141,,,,,,,,,,,,,
14872,850805,27,17,137,47,7.2,4.5,4.2,15,0.7,0.4,128,,,,4.3,4.44,13.2,40.4,131,,,,,,,,,,,,,,,,,
14872,850902,,,,,,,,,,,,,,,5.3,4.43,13.1,40.7,141,,,,,,,,,,,-,,,,,,
14872,851125,,,,,,,,,,,,,,,7.3,4.34,13.1,40.4,221,,,,,,,,,,,-,,,,,,
27654,870508,26,7,343,101,7.5,3.4,8.3,25,1.2,0.5,89,143,2,,2.6,4.04,11,34.8,229,,,,,,,100,,,,<0.002,+,246,30,11,0,0
27654,870511,34,10,324,125,7.4,3.1,7.3,11,0.7,0.3,89,,,,3.5,4.12,11.3,35.5,210,,,,,,,-,,,,-,+,,26,11,,
27654,870513,,,,,,,,,,,,,,,,,,,,,,,,,,30,,,,,,,,,,
27654,870514,26,8,333,99,6.9,2.9,9.2,14,0.8,0.5,88,,,,2.7,3.97,10.5,33.9,195,,,,,,,,,,,,,,,,,
27654,870515,,,,,,,,,,,,,,,,,,,,,,,,,,-,,,,,,,,,,
27654,870518,40,17,255,123,6.8,3,6.6,17,0.5,0.3,110,154,,,2.4,3.67,10,31.2,178,,,,,,,-,,,,-,-,286,24,8,,
27654,870521,47,28,245,118,6.5,2.9,6,17,0.7,0.5,123,,,,6,3.47,9.7,29.4,215,,,,,,,-,,,,-,+,,,,,
27654,870525,29,20,219,101,6.4,2.9,5.2,19,0.6,0.4,134,99,6,,3.5,3.55,10,30.7,213,,,,,,,-,3066,494,190,-,+,249,26,7,,
27654,870528,69,52,328,207,6.3,3,7.3,27,0.8,0.9,128,,,,22.1,3.91,11.1,34.6,113,,,,,,,30,,,,6+,,,,,,
27654,870601,48,40,213,248,5.9,3,4.6,22,0.7,0.4,167,159,,,5.5,3.44,9.9,30.8,144,,,,,,,30,,,,2+,+-,162,45,15,,
27654,870604,77,91,194,315,6,3,4.9,22,0.7,0.3,180,,,,5,3.35,9.6,30.6,252,,,,,,,,,,,2+,,,49,14,,
27654,870608,55,71,198,266,6.2,3.2,5.9,26,0.7,0.3,189,133,2,,7.8,3.46,9.9,32.4,370,,,,,,,30,,,,+,+-,120,48,13,,
27654,870611,61,82,204,278,7.2,3.8,6.1,27,0.8,0.3,240,,,,6.7,3.94,11.3,37,413,,,,,,,30,,,,+,,,,,,
27654,870613,55,75,203,269,7,3.8,6.2,36,0.9,0.4,236,,,,4.6,4.18,12,38.4,362,,,,,,,,,,,4+,,,,,,,,,,,
27654,870615,30,54,178,262,7.2,3.7,8.1,38,0.9,0.3,247,,,,6.9,4.2,12.2,38.7,390,,,,,,,30,,,,+,+-,104,65,20,,,,,,,63.1
27654,870618,23,32,167,222,6.9,3.7,7.9,36,0.8,0.3,226,,,,7.3,4.31,12.5,39.6,382,,,,,,,,,,,+,,,,,,,,,,,
27654,870622,,,,,,,,,,,,,,,4.3,3.98,11.5,36.7,321,,,,,,,-,,,,<0.002,,,56,19,,,,,,,
27654,870623,24,27,162,182,6,3.3,5.9,24,0.8,0.2,199,,,,,,,,,,,,,,,,,,,,,,,,,,,,,,
27654,870625,26,27,178,168,6.2,3.3,7,28,0.7,0.3,203,,,,5.1,4,11.2,36.6,292,,,,,,,-,,,,<0.002,+-,73.5,,,,,,,,,
27654,870629,41,43,195,191,6.3,3.3,7.6,26,0.7,0.3,211,,,,5.6,4.02,11.3,36.6,273,,,,,,,30,,,,+,-,70.7,58,19,,,,,,,
27654,870702,,,,,,,,,,,,,,,,,,,,,,,,,,TR,,,,,,,,,,,,,,,
27654,870706,41,47,221,198,6.7,3.5,7.9,24,0.8,0.2,218,111,1,,5.6,4.01,11,36.1,313,,,,,,,30,,,,+,,,64,19,,,,,,,
27654,870709,,,,,,,,,,,,,,,,,,,,,,,,,,-,,,,,,,,,,,,,,,
27654,870713,36,43,256,198,7.5,3.9,7.1,21,0.8,0.4,262,122,,,7.3,4.51,12.2,39.5,398,,,,,,,-,,,,<0.002,,52.8,69,18,,,,,,,
27654,870715,,,,,,,,,,,,,,,,,,,,,,,,,,,,,,,,,,,,0,,,,,59.9
27654,870720,42,35,227,160,6.9,3.7,7.8,21,0.8,0.4,228,,,,8.2,4.12,11.1,36.1,305,,,,,,,-,2278,390,160,<0.002,+-,,63,16,,,,,,,
27654,870721,29,27,222,163,7.2,3.7,7.1,20,0.8,0.4,219,,,,10,4.43,11.9,38.9,332,,,,,,,,,,,2+,,,81,21,,,,,,,
27654,870722,,,,,,,,,,,,,,,,,,,,,,,,,,-,,,,,,,,,,,,,,,
27654,870724,,,,,,,,,,,,,,,6.5,4.31,11.3,37.1,362,,,,,,,-,,,,+,,,75,21,,,,,,,
27654,870727,32,33,232,156,7.4,3.8,7.2,19,0.7,0.3,247,173,,,6.5,4.42,11.4,38.5,369,,,,,,,-,,,,-,,,72,16,,,,,,,
27654,870730,,,,,,,,,,,,,,,6.7,3.8,9.9,32.8,337,,,,,,,,,,,-,,,55,11,,,,,,,
27654,870803,28,32,220,107,6.2,3.4,6.7,23,0.7,0.3,229,114,,,6.4,4.04,10.3,34.5,306,,,,,,,,,,,-,,53.2,51,11,,,,,,,57.1
27654,870806,28,28,220,96,6.1,3.5,6.8,20,0.7,0.3,231,84,,,5.6,3.92,9.8,33.4,272,,,,,,,-,,,,-,,49,54,13,,,,,,,
27654,870810,49,60,325,154,7.5,4.2,6.1,17,0.7,0.3,271,97,,,7.7,4.35,10.9,37.3,286,,,,,,,,,,,2+,,50.2,66,22,,,,,,,66
27654,870811,,,,,,,,,,,,,,,,,,,,,,,,,,-,,,,,,,,,,,,,,,
27654,870817,43,48,371,210,8.3,4.6,8.7,29,0.8,0.4,278,,,,11.3,4.7,11.6,39.4,369,,,,,,,-,2391,450,169,<0.002,,,83,24,,,,,,,
27654,870914,38,39,300,310,8,4.6,6.6,21,0.8,0.4,262,,,,8,4.96,11.6,39.6,415,,,,,,,-,,,,<0.002,,,81,24,,,,,,,
27654,871012,,,,,,,,,,,,,,,8.6,5.19,11.7,40.3,418,,,,,,,-,,,,<0.002,,,80,25,,,,,,,
27654,871109,31,20,234,178,7.6,4.3,6.1,19,0.7,0.4,246,,,,7.4,5.14,10.7,38.5,355,,,,,,,-,,,,<0.002,,,69,21,,,,,,,
27654,871207,,,,,,,,,,,,,,,,,,,,,,,,,,-,1967,389,92,,,,72,24,,,,,,,
27654,880104,42,29,199,171,7.4,4.2,6.7,25,0.7,0.3,208,,,,7.4,4.96,10.4,37.5,363,,,,,,,-,,,,0.3,,,75,22,,,,,,,
27654,880201,,,,,,,,,,,,,,,,,,,,,,,,,,-,,,,0.3,,,80,25,,,,,,,
27654,880229,31,13,202,150,8.1,4.6,6,20,0.7,0.3,243,,,,,,,,,,,,,,,-,,,,<0.1,,,69,22,,,,,,,
27654,891218,33,26,423,453,7.6,3.5,6.4,12,0.7,0.2,174,100,,,4.5,4.09,12,37.9,297,,,,,,,-,,,,8.4,+-,42,70,20,,,,,,,
27654,900516,,,,,,,,,,,,,,,,,,,,,,,,,,-,,,,,,,,,,,,,,,
27654,900808,,,,,,,,,,,,,,,,,,,,,,,,,,-,,,,,,,,,,,,,
27654,910325,32,27,467,303,8,4.5,5.7,13,0.9,0.3,221,123,56,,7.2,4.87,14.6,43.2,245,,,,,,,-,,,,0.3,-,,69,28,,,,,
27654,910422,27,20,480,328,8.1,4.4,6.6,24,0.83,0.3,259,73,48,,7,5.05,14.9,45,246,,,,,,,-,,,,<0.2,-,,68,24,,,,,
27654,910425,28,17,514,245,7.8,4.3,5.9,18,0.85,0.3,234,68,115,155,8.2,4.54,13.7,40.4,233,,,,,,,,2033,306,59,<0.2,-,<18.3,59,20,0,0,,4,0
27654,910426,,,,,,,,,,,,,,,,,,,,,,,,,,-,,,,,,,,,,,,,
27654,910430,27,22,575,292,8.2,4.6,6.1,23,0.93,,288,,,88,7.8,5.26,15.7,46.7,259,,,,,,,,2152,341,72,<0.2,,,63,18,,,,,
27654,910501,,,,,,,,,,,,,,,,,,,,,,,,,,-,,,,,,,,,,,,,
27654,910502,,,,,,,,,,,,,,,,,,,,,,,,,,-,,,,,,,,,,,,,
27654,910507,24,31,527,253,7.4,4.3,5.4,16,0.88,,275,,,88,9.2,5.31,15.8,47.8,276,,,,,,,,,,,<0.2,,,60,17,,,,,
27654,910513,24,28,514,194,6.6,3.9,5.7,21,0.93,0.5,253,111,35,80,6.9,4.48,13.6,40.4,206,,,,,,,,1551,285,51,<0.3,,,47,18,,,,,
27654,910528,,,,,4.8,3.5,,,,,,,,,9,5.04,15.4,45.7,146,,,,,,,,599,92,<28,,,,24,10,,,,,
27654,910531,,,,,4.4,3.4,,,,,,,,,,,,,,,,,,,,,383,44,<28,,,,18,7,,,,,
27654,910603,,,,,,,,,,,,,,,,,,,,,,,,,,-,,,,,,,,,,,,,
27654,910604,32,41,438,71,4.3,3.2,5,16,0.97,0.4,53,48,,,7.7,3.96,12.1,36.2,171,,,,,,,,,,,,,,,,,,,,
27654,910607,,,,,4.4,3.5,,,,,,,,,11.1,4.11,12.8,37.4,183,,,,,,,,,,,,,,,,,,,,
27654,910611,,,,,4.4,3.4,,,,,,,,,,,,,,,,,,,,,,,,,,,,,,,,,
27654,910614,118,172,667,177,4.1,3.2,,,,0.4,149,118,19,,7.6,3.56,11,33,210,,,,,,,,,,,7,,,,
27654,910617,,,,,,,,,,,,,,,,,,,,,,,,,,TR,,,,,,,,
27654,910618,67,169,524,234,5.5,3.5,5,19,0.82,,,,18,84,6.3,3.61,11.1,33.1,257,,,,,,,,,,,2.1,,,,
27654,910625,32,43,616,216,5.4,3.4,4.4,12,0.77,0.6,224,122,,103,10.2,4.03,12.6,37,257,,,,,,,,795,172,39,3,,,,
27654,910628,20,1,454,28,4.2,3.3,,9,0.66,0.5,25,36,30,,19.9,3.97,12.5,36.8,203,,,,,,,-,213,<31,<28,,,,12,7
27654,910629,18,2,378,43,3.9,2.9,2.1,10,0.73,0.4,49,94,33,204,8.9,3.39,10.5,31.3,140,,,,,,,,,,,0.6,,,,
27654,910701,22,5,412,68,5.4,4.6,,6,,0.3,104,179,26,250,18.9,3.68,11.4,34.4,177,,,,,,,,225,32,<28,0.3,,,19,8
27654,910702,19,4,366,66,5.8,,,7,0.7,,71,,27,154,13.6,3.83,12,35.6,185,,,,,,,,,,,1.1,,,,
27654,910703,22,5,365,78,6,4.6,,11,,,,,31,135,5.2,3.42,10.8,31.8,195,,,,,,,,398,82,<28,1.1,,,,
27654,910704,,,,,5.1,4.1,2.4,10,0.76,,50,182,23,136,8.4,3.28,10.2,30.8,203,,,,,,,,291,48,<28,0.4,,,,
27654,910708,19,5,389,82,5.1,3.7,4.4,10,0.86,,128,,20,135,7.4,3.19,9.9,29.7,272,,,,,,,,510,99,<28,<0.3,,,,
27654,910709,,,,,4.6,3.7,,,,,,,18,,,,,,,,,,,,,,,,,,,,,
27654,910711,,,,,6.1,4.5,,,,,,,,,,,,,,,,,,,,,,,,,,,,
27654,910712,,,,,4.4,3.5,4,11,0.83,,,,,,7.6,3.05,9.2,28.5,276,,,,,,,-,,,,<0.3,,,,
27654,910715,30,15,492,96,4.9,3.5,3.4,18,0.77,,124,,19,,,,,,,,,,,,,-,,,,,,,,
27654,910718,48,41,505,158,4.6,3.5,5.2,21,0.78,,,,27,,7.1,2.88,8.8,26.8,260,,,,,,,,550,102,<28,<0.3,,,,
27654,910720,33,33,468,109,5.5,4,5.4,13,0.76,,127,,20,83,6.5,3.19,9.6,29.8,281,,,,,,,,,,,<0.3,,,,
27654,910722,,,,,4.7,3.8,4.6,17,0.81,,,,,,,,,,,,,,,,,-,,,,,,,,
27654,910726,,,,,4.8,3.8,4.2,12,0.73,,,,,,9.4,3.02,9,28,224,,,,,,,,,,,1.4,,,,
27654,910729,34,31,452,98,4.3,3.5,4.2,12,0.73,0.3,,,18,,7.5,3.01,8.9,27.4,211,,,,,,,,,,,1.6,,,,
27654,910802,,,,,4.4,3.5,4.5,15,0.73,,,,,,,,,,,,,,,,,,,,,,,,,
27654,910805,,,,,4.2,3.4,4.9,13,0.74,,,,,,11.1,3,8.7,26.5,245,,,,,,,-,,,,<0.3,,,,
27654,910809,,,,,4.8,3.2,5.4,20,0.78,,,,,,9.8,3.21,9.2,27.8,256,,,,,,,-,,,,5.3,,,,
27654,910812,186,82,759,326,4,3.1,3.5,13,0.71,,,,,,12.9,3.7,10.3,32.2,309,,,,,,,,,,,7.7,,,,
27654,910815,18,23,404,112,4.5,3.5,3.4,6,0.69,,91,,,85,6.8,2.01,5.6,17.2,137,,,,,,,,360,83,31,2.5,,,33,15
27654,910816,,,,,,,,,,,,,,,14,2.98,8.2,25.5,186,,,,,,,,,,,,,,,
27654,910817,110,68,1006,,5,,,6,,,,,,,15.3,3.16,8.6,27.2,97,,,,,,,,,,,,,,,
27654,910819,32,26,805,144,5.5,3.9,3.7,7,0.8,,,,,,3.4,2.76,7.5,23.5,5,12.1,,27.8,,,,-,463,153,43,1,,,,
27654,910820,21,12,563,127,4.7,3.3,4.3,12,0.86,0.4,,,,,12.4,2.73,7.4,23,160,,,,,,,,255,112,<28,0.5,,,,
27654,910821,,,,,,,,,,,,,,,9.3,2.91,8,24.6,8,,,,,,,,,,,,,,,
27654,910823,34,14,623,134,4.9,3.3,5,8,0.81,0.4,,,14,,8.9,2.4,6.7,20.1,174,,,,,,,,,,,0.4,,,,
27654,910826,27,9,683,175,5.4,3.6,4.1,11,0.81,0.4,,,,,12.7,2.65,7.2,22.1,282,,,,,,,,577,186,74,1,,,,
27654,910830,18,7,533,137,5,3.4,5.1,19,0.93,0.3,,,,,8.5,2.48,6.4,20,230,,,,,,,,523,162,64,0.6,,,,
27654,910902,45,29,587,132,5.6,3.8,5.1,28,0.77,,,,,,7.4,2.64,6.7,21.3,239,,,,,,,,,,,<0.2,,,,
27654,910906,31,35,589,167,6,4.1,4.2,29,0.77,,,,,,7.5,2.92,7.1,23,250,,,,,,,,,,,0.8,,,,
27654,910911,34,36,567,166,4.5,3.3,3.8,29,0.82,0.3,165,,9,,5,2.64,6.4,20.3,227,,,,,,,,339,145,46,0.6,,,,
27654,910917,29,31,579,154,5.1,3.4,4.2,36,0.8,,,,,,10.4,2.87,6.7,21.6,242,,,,,,,,771,188,132,0.6,,,,
27654,910919,26,22,684,138,5.5,3.6,4.9,34,0.87,,,,,88,10.5,3.35,7.9,24.7,233,,,,,,,,,,,2.7,,,,
27654,910920,23,18,552,131,4.2,2.9,4.8,22,0.72,0.2,134,,10,,10.3,2.62,6.1,19.3,201,,,,,,,,430,118,56,1.2,,,,
27654,910921,,,,,,,,,,,,,,,14.3,3.2,7.2,23.4,215,,,,,,,,,,,,,,,
27654,910924,24,4,701,108,4.7,3.2,5.2,8,0.75,0.4,140,,11,,12.4,3.23,7.6,24,213,,,,,,,-,562,152,124,3.9,,,,
27654,910925,23,1,756,111,5.3,3.7,4.9,7,0.7,0.4,,,,,11.6,3.25,7.5,23.8,191,,,,,,,,,,,2.8,,,,
27654,910926,,,1239,,4.9,3.7,4.2,7,0.64,0.4,123,,,134,8.6,2.96,6.8,21.8,204,,,,,,,,,,,2.3,,,,
27654,910927,30,1,752,104,4.9,3.4,3.7,8,0.71,0.4,107,,11,161,8.4,3.18,7.1,23.7,177,,,,,,,,,,,1.4,,,,
27654,910930,29,4,760,133,5.7,3.5,1.4,9,0.58,0.4,141,185,,,10.1,3.57,8.4,27.2,213,,,,,,,,,,,0.5,,,,
27654,911002,,,,,5.1,3.5,,,,,,,,,,,,,,,,,,,,,625,195,142,0.6,,,30,14
27654,911007,30,7,567,214,6,3.5,2.3,10,0.64,0.4,175,205,,93,6.1,3.64,9.2,29.3,257,11.3,,27,,,,,,,,1.2,,,,
27654,911011,,,,,,,,,,,,,,,,,,,,,,,,,,,,,,0.4,,,,
27654,911014,30,7,590,207,5.8,3.4,3.8,14,0.7,0.4,185,254,,101,6.4,3.63,9.5,30,264,,,,,,,,,,,0.6,,,,
27654,911016,,,,,,,,,,,,,,,,,,,,,,,,,,-,,,,,,,,
27654,911017,,,,,,,,,,,,,,,9.6,3.39,8.9,28.1,234,,,,,,,,,,,0.9,,,,
27654,911021,47,31,590,238,5.4,3.3,8.4,11,0.75,0.4,169,125,,75,5.7,3.59,9.6,30.1,214,,,,,,,,,,,0.9,,,,
27654,911025,,,,,,,,,,,,,,,,,,,,,,,,,,,,,,1,,,,
27654,911028,50,36,804,286,,,,,,,,,,,8.3,4.12,11.2,34.7,231,,,,,,,,,,,0.5,,,,
27654,911101,38,36,757,367,4.8,3.6,5.5,13,0.64,0.4,186,131,,,8.4,4.2,11.5,35.4,214,,,,,,,,,,,1.7,,,,
27654,911111,,,,,5.4,3.1,,,,,,,,82,,,,,,,,,,,,,,,,1.2,,,,
27654,911120,,,,,5.8,3.4,5.7,23,0.73,,,,,84,7.6,4.13,11.6,35.1,237,,,,,,,,,,,1.5,,,,
27654,911209,27,31,678,309,6.5,3.9,6.3,27,0.81,0.5,230,128,,84,8.6,4.49,13,38.9,250,,,,,,,,,,,3.2,-,<20.5,,
27654,911211,,,,,,,,,,,,,,,,,,,,,,,,,,-,,,,,,,,
27654,911213,,,,,,,,,,,,,,,7.2,3.85,11.1,33.3,222,,,,,,,,,,,2.6,,,,
27654,911218,27,22,673,244,6.4,3.7,6.3,29,0.83,0.6,247,177,,,11.2,4.49,12.7,38.8,255,,,,,,,-,,,,2.9,,<20.5,,
27654,911224,30,29,568,234,5.9,3.4,5.2,20,0.78,,,,,84,6,4.2,12.3,36.8,241,,,,,,,,,,,2.2,,,,
27654,911225,,,,,,,,,,,,,,,,,,,,,,,,,,-,971,186,107,,,,82,26
27654,911227,,,,,,,,,,,,,,,9.5,4.42,12.8,39.1,267,,,,,,,-,,,,2.7,,,,
27654,920106,26,17,693,194,6.2,3.7,7,20,0.84,0.6,216,175,,85,10.8,4.29,12.6,38.2,238,,,,,,,-,1176,243,143,2,-,<20.5,,
27654,920113,26,21,619,240,6.1,3.5,5.9,19,0.78,0.7,223,159,,80,8.8,4.49,13.2,40.3,240,,,,,,,,,,,5,,,,
27654,920114,,,,,,,,,,,,,,,,,,,,,,,,,,,,,,2.9,,,,
27654,920203,29,22,690,251,7.1,4,6.7,21,0.86,,228,,26,,10.5,4.51,13.4,40.7,270,,,,,,,-,,,,3.9,,,103,35
27654,920227,,,,,,,,,,,,,,,10.6,4.41,13.5,41.1,247,,,,,,,,,,,0.5,,,,
27654,920326,25,14,563,207,6.7,3.9,5.8,18,0.9,0.4,234,159,31,,8.1,4.4,13.7,40.3,253,,,,,,,,1497,219,132,<0.3,,<20.8,82,31
27654,920427,23,15,527,214,7,4.1,5.2,22,0.85,,219,,31,,8.2,4.6,13.5,42,244,,,,,,,,,,,0.4,,,82,34
30609,840712,19,12,145,36,7.7,4.3,3.1,13,0.7,0.5,139,151,21,,4.1,3.66,10,30.2,227,,,,,,,0,2149,242,134,-,-,<40,,
30609,840802,,,,,,,,,,,,,,,,,,,,,,,,,,0,,,,,,,,
30609,840903,19,12,136,36,7.7,4.4,2.2,16,0.7,0.6,143,,,,3.3,3.37,9.3,28.2,185,,,,,,,0,,,,-,,,,
30609,841001,19,13,140,40,8,4.7,2.9,16,0.8,0.5,162,,18,,3.6,3.58,10.1,29.7,234,,,,,,,TR,,,,-,,,,
30609,841022,18,16,133,42,7.6,4.4,2.8,16,0.7,0.5,155,,17,,3.5,3.57,9.8,29.6,217,,,,,,,0,,,,-,,,,
30609,841119,,,,,,,,,,,,,,,3.6,3.49,9.7,28.8,229,,,,,,,0,,,,,,,,
30609,841217,24,20,156,39,7.9,4.5,2.6,14,0.7,0.4,155,,18,,3,3.59,9.9,29.3,231,,,,,,,0,,,,-,-,,,
30609,841227,23,22,149,34,7.3,4.3,2.5,17,0.7,0.4,141,,,,3.6,3.41,9.4,27.7,212,,,,,,,0,,,,,,,,
30609,850124,35,17,276,39,7.6,4.5,4,18,0.7,0.8,149,,,,3.8,3.89,11,33.6,212,,,,,,,0,,,,-,-,,,
30609,850221,22,13,135,39,7.3,4.2,2.8,16,1,0.5,160,,,,4.1,3.84,11.4,34.7,202,,,,,,,0,,,,-,
30609,850404,22,21,139,34,7.2,4.3,2.5,20,0.7,0.4,156,,20,,3.9,3.83,11.5,34.9,155,,,,,,,0,,,,-,
30609,850502,38,48,150,35,7.3,4.5,2.4,17,0.7,0.4,148,,,,4.4,3.91,12.2,36.7,171,,,,,,,0,,,,,
30609,850603,,,,,,,,,,,,,,,3.9,3.58,11.4,33.7,173,,,,,,,0,,,,-,-
30609,850613,39,42,152,48,7.7,4.5,2.4,15,0.8,0.6,145,,17,,3.6,3.85,12.2,36.2,202,,,,,,,TR,,,,-,-
30609,850701,,,,,,,,,,,,,,,3.4,3.73,11.8,35.4,164,,,,,,,0,,,,-,
30609,850805,24,24,161,34,7.2,4.3,2.9,13,0.7,0.5,133,,,,2.8,3.61,11.6,34.5,172,,,,,,,,,,,-,-
30609,850909,20,19,140,35,7.4,4.3,3.2,16,0.7,0.6,152,,,,3.5,3.73,11.9,35.4,172,,,,,,,TR,,,,-,
30609,851014,,,,,,,,,,,,,,,3.7,3.86,12.2,36.4,183,,,,,,,0,,,,-,
30609,851111,,,,,,,,,,,,,,,,,,,,,,,,,,TR,,,,,
30609,851212,23,19,151,41,7.7,4.4,2.9,16,0.7,0.6,176,,,,3.6,3.99,12.1,36.8,163,,,,,,,TR,,,,,
30609,860109,32,39,170,42,7.8,4.5,2.7,15,0.7,0.5,171,,,,3.3,4,12.1,36.4,167,,,,,,,0,,,,-,
30609,860206,,,,,,,,,,,,,,,,,,,,,,,,,,TR,,,,,
30609,860306,28,21,224,41,7.8,4.5,3.2,16,0.7,0.7,185,,27,,3.9,4.13,12.5,37.3,177,,,,,,,TR,,,,-,-
30609,860403,19,16,146,44,7.5,4.3,3.4,17,0.8,0.6,158,,21,,3.8,4.08,12.4,36.7,169,,,,,,,TR,,,,-,-
30609,860501,22,16,139,45,7.5,4.4,3.1,16,0.7,0.6,153,,17,,3.9,3.93,12.2,35.5,155,,,,,,,0,,,,-,
30609,860605,,,,,,,,,,,,,,,3.4,3.89,11.9,35,183,,,,,,,TR,,,,-,,,63,20,,,,,,,
30609,860703,,,,,,,,,,,,,,,,,,,,,,,,,,TR,,,,,,,,,,,,,,,
30609,860731,20,20,143,37,7.4,4.4,2.3,16,0.7,0.6,146,,,,3.1,3.83,11.8,34.2,180,,,,,,,1,,,,-,,,,,,,,,,,
30609,860911,16,12,147,39,7.3,4.2,2.9,15,0.7,0.5,151,,,,4.9,3.7,11.3,33.4,188,,,,,,,1,,,,,,,,,,,,,,,
30609,861016,,,,,,,,,,,,,,,,,,,,,,,,,,0,,,,,,,,,,,,,,,
30609,861120,24,15,160,40,7.4,4.3,2.9,17,0.6,0.6,143,,,,3.6,3.82,11,33.4,202,,,,,,,2,,,,-,,,53,17,,,,,,,
30609,861218,,,,,,,,,,,,,,,,,,,,,,,,,,TR,,,,,,,,,,,,,,,
30609,870219,17,12,148,48,7,4,3.1,14,0.7,0.4,142,,14,,4.5,3.53,9.8,30.1,212,,,,,,,30,,,,-,-,,64,18,,,,,,,
30609,870423,25,21,147,44,7.4,4.3,2.7,20,0.7,0.4,156,,16,,3.9,3.76,9.9,31.1,191,,,,,,,100,,,,-,,,,,,,,,,,
30609,870521,,,,,,,,,,,,,,,,,,,,,,,,,,-,,,,,,,,,,,,,,,
30609,870618,21,15,156,45,7.4,4.3,3.3,17,0.7,0.5,155,,,,,,,,,,,,,,,100,,,,-,-,,53,14,,,,,,,41.9
30609,870723,,,,,,,,,,,,,,,,,,,,,,,,,,30,,,,,,,,,,,,,,,
30609,870820,,,,,,,,,,,,,,,,,,,,,,,,,,30,,,,-,,,55,15,,,,,,,
30609,870921,,,,,,,,,,,,,,,,,,,,,,,,,,30,,,,,,,,,,,,,,,
30609,871019,22,16,160,48,7.3,4.1,3,16,0.8,0.5,151,,,,,,,,,,,,,,,100,,,,,,,,,,,,,,,
30609,871116,,,,,,,,,,,,,,,,,,,,,,,,,,30,,,,,,,,,,,,,,,
30609,871214,21,15,165,51,7.5,4.2,3.3,14,0.6,0.6,194,,,,3.8,3.82,10.6,32.6,182,,,,,,,30,,,,<0.1,,,49,13
30609,880118,,,,,,,,,,,,,,,,,,,,,,,,,,30,,,,,,,,
30609,880215,23,15,153,42,7,4,3.4,18,0.8,0.6,163,,,,2.9,3.67,10.1,31,178,,,,,,,100,,,,<0.1,-,,44,14
30609,880314,,,,,,,,,,,,,,,,,,,,,,,,,,30,,,,,,,,
30609,880411,23,14,147,44,7.2,4.1,3.2,18,0.6,0.5,148,,,,3.2,3.74,10.2,32.4,149,,,,,,,30,,,,,,,47,13
30609,880509,21,9,181,44,7.5,4.2,2.9,19,0.7,0.6,160,,,,3.7,3.9,11.2,34,159,,,,,,,30,,,,<0.1,,,53,16
30609,880613,17,10,144,43,7.2,4,2.6,15,0.8,0.4,139,,,,,,,,,,,,,,,300,,,,<0.1,,,51,17
30609,880711,25,21,137,37,7,4,2.7,17,0.7,0.4,130,,,,3,3.47,10,30.3,213,,,,,,,100,,,,,,,,
30609,880808,26,17,168,39,7.4,4,3.4,17,0.7,0.7,138,,,,,,,,,,,,,,,300,,,,<0.1,-,<17.0,52,17
30609,880905,,,,,,,,,,,,,,,,,,,,,,,,,,100,,,,,,,,
30609,881003,,,,,,,,,,,,,,,3.5,3.66,10.1,31,203,,,,,,,>=300,,,,<0.1,,,59,17
30609,881031,,,,,,,,,,,,,,,,,,,,,,,,,,100,,,,,,,,
30609,881128,16,12,421,81,7.4,3.9,2.9,16,0.71,0.4,160,166,,,3,3.77,10.3,32.5,195,,,,,,,100,,,,,,,55,15
30609,881226,,,,,,,,,,,,,,,,,,,,,,,,,,100,,,,,,,,
30609,890130,17,11,360,91,7.3,4,3.1,15,0.73,,152,,,,3.5,3.81,10.3,31.9,185,,,,,,,100,,,,,,,52,15
30609,890227,,,,,,,,,,,,,,,,,,,,,,,,,,30,,,,,,,48,16
30609,890327,,,,,,,,,,,,,,,,,,,,,,,,,,100,,,,,,,,
30609,890424,15,9,360,89,7.5,4.1,3.2,16,0.72,0.3,149,199,,,3.2,3.64,10.2,30.9,182,,,,,,,100,,,,,,,50,14
30609,890522,,,,,,,,,,,,,,,,,,,,,,,,,,30,,,,,,,,
43003,900116,17,17,302,115,7.1,4.3,3.7,16,0.87,1.5,195,150,,,6.6,4.82,15.7,47.5,212,,,,,,,TR,,,,<0.3,,,,
43003,900130,,,,,,,,,,,,,,,,,,,,,,,,,,TR,,,,,,,,
43003,900205,20,17,324,120,6.7,4.4,4.6,14,0.87,1.3,168,116,,,,,,,,,,,,,,,,,,,,,,
43003,900310,,,,,,,,,,,,,,,,,,,,,,,,,,30,,,,,,,,
43003,900519,28,21,318,137,6.7,4.2,5.6,16,0.91,2.9,154,70,,,5.3,4.57,15.1,45.5,210,,,,,,,30,,,,,,,,
43003,900721,,,,,,,,,,,,,,,,,,,,,,,,,,30,,,,,,,,
43003,900901,,,,,,,,,,,,,,,,,,,,,,,,,,30,,,,,,,,
43003,901129,,,,,,,,,,,,,,,,,,,,,,,,,,30,,,,,,,,
43003,910606,20,19,312,125,6.7,4,4.7,16,0.92,1.2,173,175,,,6.3,4.5,14.9,43.5,283,,,,,,,-,,,,,,,,
43003,910905,,,,,,,,,,,,,,,,,,,,,,,,,,-,,,,,,,,
43003,911205,,,,,,,,,,,,,,,,,,,,,,,,,,-,,,,,,,,
43003,920303,,,,,,,,,,,,,,,,,,,,,,,,,,TR,,,,,,,,
43003,920602,,,,,,,,,,,,,,,,,,,,,,,,,,30,,,,,,,,
43003,920908,27,26,353,128,6.7,4.2,5.2,16,0.84,1.2,162,107,,,5.3,4.74,15.1,46,243,,,,,,,30,,,,,,,,,,,,,
43003,921215,,,,,,,,,,,,,,,,,,,,,,,,,,30,,,,,,,,,,,,,
43003,930316,,,,,,,,,,,,,,,,,,,,,,,,,,30,,,,,,,,,,,,,
43003,930615,,,,,,,,,,,,,,,,,,,,,,,,,,TR,,,,,,,,,,,,,
43003,930914,21,19,337,109,6.2,4.1,5.1,17,0.79,2.3,164,135,,,5.3,4.87,15.6,47,239,,,,,,,-,,,,,,,,,,,,,
43003,931214,,,,,,,,,,,,,,,,,,,,,,,,,,-,,,,,,,,,,,,,
43003,940308,17,15,320,137,6.3,4,5.1,21,0.65,,169,244,106,122,5.2,4.92,15.5,46.3,221,,,,,,,-,1360,300,163,<0.3,-,<21.3,61,27,0,0,,0,0
43003,940607,,,,,,,,,,,,,,,,,,,,,,,,,,TR,,,,,,,,,,,,,
43003,940906,16,15,313,114,6,3.9,4.8,15,0.69,1.4,,,,,4.7,4.74,15,45.3,219,,,,,,,TR,,,,,,,,,,,,,
43003,941206,,,,,,,,,,,,,,,,,,,,,,,,,,-,,,,,,,,,,,,,
48473,810323,112,109,232,133,8.4,4.7,3.4,13,1.1,0.8,156,,,,7.1,5.91,12.4,39.4,178,,,,,,,0,,,,+,-,,,,,,,,
48473,810427,51,38,169,134,8.3,4.6,2.8,13,0.9,0.7,123,136,6,,6.1,5.97,12.6,40.2,187,,,,,,,,2156,412,352,2+,-,,,,,,,,
48473,810629,146,153,153,165,8.2,4.8,2.1,12,0.7,0.8,150,,,,6.9,5.41,11.9,37.7,131,,,,,,,,,,,-,-,,,,,,,,
48473,810723,58,65,141,113,8.2,4.8,1.9,13,0.8,0.7,121,,,,8.8,5.26,11.9,36.4,,,,,,,,0,,,,-,-,,,,,,,,
48473,810817,53,51,118,108,7.6,4.6,2.1,12,0.7,0.7,138,,10,,6.9,5.11,11.4,36.2,120,,,,,,,0,,,,-,-,,,,,,,,
48473,811109,26,25,124,87,8.6,5.1,3,13,1,0.7,133,189,,,7.4,5.69,13,40.4,107,,,,,,,TR,,,,-,-,,,,,,,,
48473,811221,59,55,132,92,7.7,4.6,2.4,11,0.8,0.7,144,,23,,8.3,5.09,12.2,36.3,98,,,,,,,0,,,,-,-,<40
48473,820215,47,41,142,109,8.5,4.7,3.1,12,1.1,0.7,146,,14,,9.1,5.41,12.8,39.2,115,,,,,,,,,,,+,-,
48473,820405,,,,,,,,,,,,,,,12.1,5.3,12.5,38.1,135,,,,,,,1,,,,11,,
48473,820621,48,54,119,107,8.5,5,2.5,14,1,0.8,164,,,,8.1,5.55,12.5,39.6,101,,,,,,,1,,,,-,-,
48473,820726,48,45,125,84,7.8,4.5,2.3,12,1,0.8,133,,,,6.3,5.21,11.6,36.9,90,,,,,,,,,,,-,,
48473,820823,49,44,127,94,8,4.6,2.9,14,1,0.8,126,,,,6.9,5.29,12.1,38,97,,,,,,,TR,,,,+,-,
48473,821213,92,91,145,107,8.3,4.7,2.4,11,0.9,0.8,150,173,9,,8.1,5.54,12.7,39,30,,,,,,,TR,,,,+,-,
48473,830117,55,58,131,108,8.1,4.5,2.5,15,0.9,0.6,145,,,,7.1,5.26,11.9,37.9,51,,,,,,,TR,,,,<0.002,,
48473,830214,,,,,,,,,,,,,,,5.4,5.52,12.4,38.1,77,,,,,,,1,,,,-,,
48473,830314,35,32,126,114,8,4.4,1.8,9,0.8,0.4,147,,7,,6.3,5.44,12,37.4,61,,,,,,,1,,,,<0.002,,
48473,830328,82,77,146,131,8.2,4.5,2.9,11,0.8,0.7,156,,,,7.5,5.59,12.4,38.2,56,,,,,,,0,,,,-,,
48473,830404,,,,,,,,,,,,,,,7.8,5.35,11.7,36.3,98,,,,,,,1,,,,<0.002,,
48473,830418,,,,,,,,,,,,,,,6.7,5.25,11.4,35.3,78,,,,,,,2,,,,-,,
48473,830502,,,,,,,,,,,,,,,8.3,5.36,11.5,35.7,97,,,,,,,1,,,,,,
48473,830516,40,37,141,103,8.3,4.6,2.7,12,1,0.5,163,,,,,,,,,,,,,,,,,,,,,
48473,830530,,,,,,,,,,,,,,,,,,,,,,,,,,1,,,,,,
48473,830613,,,,,,,,,,,,,,,,,,,,,,,,,,0,,,,,,
48473,830627,29,33,130,93,7.8,4.5,3.1,14,0.9,0.8,174,,,,10.2,5.96,12.3,38.3,197,,,,,,,,,,,-,,
48473,830718,38,51,145,100,7.9,4.5,2.1,14,0.8,0.6,173,272,6,,13.4,6.06,12.4,39,162,,,,,,,1,,,,-,,
48473,830808,,,,,,,,,,,,,,,,,,,,,,,,,,,,,,-,,
48473,830822,41,47,127,92,7.6,4.4,2.1,20,0.8,0.6,171,,,,,,,,,,,,,,,0,,,,,,
48473,830829,34,41,142,100,7.5,4.4,2.7,15,1,0.5,151,,,,,,,,,,,,,,,0,,,,,,
48473,830909,29,43,131,102,7.7,4.4,1.9,14,1,0.6,174,235,4,,7.9,6.09,12.7,39.7,155,,,,,,,,2103,396,460,<0.002,-,<40
48473,830910,,,,,,,,,,,,,,,,,,,,,,,,,,TR,,,,,,
48473,830912,29,44,114,92,6.8,4,2.4,17,0.9,0.6,160,,,,,,,,,12,,,,,,,,,,,,
48473,830914,,,,,,,,,,,,,,,8.2,5.92,12.4,38.9,114,,,,,,,0,,,,,,
48473,830916,46,50,139,103,7.4,4.4,2.3,14,1,0.8,172,144,,,7,5.85,12.4,38.1,123,,,,,,,TR,,,,+,,
48473,830920,41,49,145,98,7,4.1,2.2,15,1,0.7,155,,,,,,,,,,,,,,,,,,,,,
48473,830922,,,,,,,,,,,,,,,8.3,5.43,11.6,36.3,133,,,,,,,0,,,,,,
48473,830927,36,47,124,116,6.9,4.1,2.9,20,1.1,0.5,167,,,,8.6,5.32,11.6,35.3,130,,,,,,,0,,,,-,,
48473,831017,21,58,128,63,6.8,4.3,2,20,0.9,0.6,205,,,,,,,,,,,,,,,0,,,,,,
48473,831031,26,66,159,61,6.6,4.3,2.1,24,1.1,0.4,200,,,,,,,,,,,,,,,TR,,,,,,
48473,831107,23,53,190,79,7.8,4.9,1.9,23,1.3,0.5,221,,,,15.2,5.42,12.1,38.2,263,,,,,,,,,,,
48473,831114,28,44,201,87,7.3,4.5,1.4,14,1,0.4,192,,,,11.9,4.88,10.9,33.9,249,,,,,,,TR,,,,+
48473,831121,25,62,211,80,7.4,4.6,1.1,13,1.1,0.4,185,,,,15.8,4.87,10.7,33.9,322,,,,,,,,,,,-
48473,831205,24,47,178,66,7.2,4.7,2,12,1,0.4,190,,,,10.1,4.92,10.1,32.4,303,,,,,,,0,,,,
48473,840109,28,39,138,75,7.2,4.7,1.6,15,0.4,0.4,165,,,,,,,,,,,,,,,,,,,
48473,840206,33,47,146,77,7.8,4.9,1.6,15,0.7,0.5,172,,,,10.8,5.83,12.1,38.2,256,,,,,,,,,,,
48473,840305,,,,,,,,,,,,,,,,,,,,,,,,,,0,,,,
48473,840423,66,87,150,125,8.6,5.3,3.2,16,0.7,0.6,180,,,,6.9,6.57,13,44,201,,,,,,,,,,,
48473,840611,,,,,,,,,,,,,,,10.5,5.63,12.5,39.9,171,,,,,,,0,,,,
48473,840702,50,82,141,110,8.2,4.8,2.2,12,0.6,0.6,158,,,,6.8,5.75,12.7,40.1,166,,,,,,,,,,,
48473,841001,,,,,,,,,,,,,,,8.1,6.12,13.7,42.8,,,,,,,,0,,,,
48473,850204,38,57,117,118,8.4,4.8,1.9,15,0.5,0.8,187,,,,14.9,6.11,15.2,48.1,197,,,,,,,,,,,+
48473,850401,49,54,162,112,7.4,4.6,1.5,15,0.7,0.7,150,,,,8.2,5.55,13.6,45.2,121,,,,,,,,,,,<0.002
48473,850520,81,121,119,140,8.1,4.8,2.4,13,0.6,0.8,152,,,,7.7,5.65,14.1,46.2,64,,,,,,,,,,,
48473,850610,69,82,142,144,8,4.7,1.4,10,0.7,0.9,161,,,,8.2,5.63,14.1,46.2,67,,,,,,,,,,,
48473,850617,,,,,,,,,,,,,,,8.5,5.4,13.8,44.5,54,,,,,,,,,,,
48473,850701,53,61,118,163,8.1,4.7,1.5,14,0.7,0.6,153,,,,9.5,5.56,14,46.3,102,11.8,,,,,,,,,,,,
48473,850715,53,57,130,151,7.5,4.5,1.5,14,0.5,0.8,149,,,,8.1,5.15,13,42.9,97,,,,,,,,,,,,,
48473,850812,,,,,,,,,,,,,,,9.7,5.43,13.8,44.8,131,,,,,,,,,,,,,
48473,851007,,,,,,,,,,,,,,,9.1,5.47,13.8,44.6,167,,,,,,,0,,,,,,
48473,851202,,,,,,,,,,,,,,,,,,,,,,,,,,TR,,,,+,,
48473,860127,46,63,122,130,8.1,4.6,2.7,17,0.6,0.6,171,,,,9.1,5.5,13.4,44,123,,,,,,,,,,,,,
48473,860217,55,56,130,141,7.9,4.7,2.6,13,0.6,0.6,163,143,,,7.4,5.5,13,42.8,143,,,,,,,0,,,,-,,
52199,810323,19,18,182,72,7.6,4.6,6.5,16,1.3,0.3,238,,37,,6.5,4.59,13.1,40.8,,,,,,,,0,,,,+,,
52199,810601,12,10,141,66,6.9,4.4,6.4,20,1.1,0.2,213,,12,,8.9,4.31,12.1,37.6,,,,,,,,,,,,-,-,
52199,810629,12,9,153,61,6.6,4.3,5.4,15,1,0.3,226,,13,,11.7,4.52,13,39,,,,,,,,0,,,,-,-,<40
52199,810810,15,13,148,61,7.2,4.6,5.7,15,1,0.3,216,,10,,10.7,4.59,12.8,40.2,,,,,,,,,,,,-,-,<40
52199,810824,21,27,154,61,7.2,4.5,4.6,13,0.9,0.3,234,,16,,10.5,4.64,13.1,40.3,,,,,,,,,,,,-,-,<40
52199,811005,12,16,153,57,7.3,4.6,5.9,16,1.1,0.4,250,128,13,,9.6,4.45,13.3,39.7,,,,,,,,,,,,-,,
52199,811221,15,15,170,52,7.5,4.6,5.5,19,1,0.4,297,129,12,,14.7,4.75,14.1,43,,,,,,,,0,,,,-,,
52199,820125,13,14,152,54,7.3,4.6,5.7,20,1.1,0.3,273,159,11,,,,,,,,,,,,,,,,,-,,
52199,820222,15,16,163,62,7.3,4.5,6.4,18,1.4,0.6,244,,8,,16.7,4.43,13.4,40,314,,,,,,,0,,,,-,,
52199,820329,13,17,161,68,7.9,4.9,6.9,18,1.1,0.4,283,,21,,14.7,4.53,14.2,41,308,,,,,,,TR,,,,+,
52199,820405,8,10,147,54,7.6,4.7,6,17,1.3,0.4,283,,,,12.2,4.53,13.6,41.4,,,,,,,,,,,,-,
52199,820419,15,30,158,61,7.5,4.7,7.1,18,1.3,0.5,291,,12,,11.6,4.54,13.7,40.8,,,,,,,,,,,,-,
52199,820607,20,21,177,70,7.7,4.8,5.6,20,1.1,0.4,259,,13,,13,4.55,13.5,40.2,,,,,,,,,,,,<0.002,
52199,820719,18,16,212,64,7.8,5,6.9,20,1.2,0.6,273,,18,,13.3,4.64,13.5,41.4,296,,,,,,,,,,,+,
52199,820816,21,13,221,68,7.8,4.8,6.6,15,1.2,0.4,250,,18,,13.1,4.6,13.9,41.1,,,,,,,,,,,,-,
52199,820913,16,18,187,63,8,5.1,6.3,19,1.1,0.5,306,,16,,14.2,4.98,14.5,43.1,,,,,,,,,,,,<0.002,
52199,821115,20,19,154,53,6.8,4.2,4.8,19,0.9,0.5,255,,22,,9.4,4.15,12.3,37.6,272,,,,,,,,,,,-,-
52199,821213,15,10,147,57,6.7,4.1,5.5,22,1,0.3,224,,21,,9.9,4.13,12.4,37.6,,,,,,,,,,,,-,
52199,830110,20,12,197,54,7.1,4.3,6.2,21,1.2,0.7,205,,21,,9.5,4.38,12.8,38.7,,,,,,,,,,,,,
52199,830307,,,,,,,,,,,,,9,,13.4,5.32,15.5,45.4,,,,,,,,,,,,-,
52199,830404,17,19,140,65,7,4.2,5.3,12,1.1,0.4,230,,12,,10.1,4.72,13.4,40.4,,,,,,,,0,,,,<0.002,
52199,830418,12,13,135,60,6.9,4.2,5,14,1,0.3,208,,12,,12.6,4.84,14,42.2,,,,,,,,,,,,+,
52199,830509,19,15,177,64,7.5,4.5,6.1,15,1.2,0.5,260,,15,,11.7,4.98,14.3,42.7,,,,,,,,,,,,-,
52199,830613,24,38,177,68,7.6,4.6,5.8,12,1.1,0.5,255,,16,,12.2,4.78,14.1,42.2,,,,,,,,,,,,-,
52199,830711,16,19,171,59,7.9,4.7,7.4,18,1.3,0.5,263,,,,10.8,5.16,15.3,45.3,,,,,,,,TR,,,,,
52199,830912,20,24,156,57,7.4,4.7,6.3,20,1.2,0.8,298,,14,,11.1,4.94,14.3,42.4,,,,,,,,TR,,,,-,,
52199,831017,29,40,178,63,7.7,4.7,6.1,18,1,0.5,300,96,14,,12.5,4.91,14.5,44.2,,,,,,,,0,,,,-,,
52199,831114,20,23,165,58,7.5,4.5,5.6,15,1.2,0.3,254,146,,,10.1,4.7,14,43.4,,,,,,,,,,,,-,,
52199,831212,25,31,176,59,7.7,4.7,5.8,17,1.2,0.5,277,,22,,10.1,4.98,14.9,45,,,,,,,,,,,,-,,
52199,840109,27,30,193,51,7.6,4.6,5.6,16,0.8,0.5,260,,,,,,,,,,,,,,,0,,,,,,
52199,840213,16,18,148,60,7.4,4.6,5.3,17,0.7,0.5,247,,20,,11.3,4.78,14.2,43.4,273,,,,,,,,,,,-,,
52199,840312,13,15,162,66,7.9,4.8,5.8,17,0.8,0.4,227,,,,11.1,4.89,14.5,43.9,,,,,,,,0,,,,,,
52199,840409,23,30,169,63,7.6,4.7,6,18,0.9,0.4,244,,18,,10.7,4.71,14.2,42.7,271,,,,,,,,,,,-,,
52199,840514,17,18,176,69,8.1,4.9,6,17,0.9,0.4,257,,18,,9.3,4.77,14.4,43.1,309,,,,,,,TR,,,,-,-,<40
52199,840611,17,14,178,60,7.2,4.4,5.1,17,0.9,0.4,191,,25,,8.4,4.48,13.5,41,277,,,,,,,,,,,-,,
52199,840709,26,27,178,61,7.5,4.6,6,16,1,0.6,233,,19,,9.9,4.65,14,41.6,,,,,,,,0,,,,-,,
52199,840806,20,18,164,66,7.8,4.9,5.7,20,0.9,0.6,227,,19,,8.4,4.49,13.3,40.5,288,,,,,,,,,,,-,,
52199,840903,13,12,142,59,7.6,4.7,6,21,1,0.4,212,,19,,7.4,4.45,13.2,40.5,161,,,,,,,TR,,,,-,,
52199,841001,18,16,141,59,7.2,4.4,5.2,14,0.9,0.4,222,,,,8.4,4.35,12.9,39.2,268,,,,,,,0,,,,-,,
52199,841105,23,33,180,63,7.5,4.6,6.1,17,0.8,0.6,243,,,,10.2,4.71,14.3,43,267,,,,,,,0,,,,-,,
52199,841210,28,20,209,60,7.3,4.5,6.5,15,0.9,0.5,195,,21,,11.2,4.64,14,41.9,276,,,,,,,0,,,,-,,
52199,850121,32,46,147,57,7.3,4.5,4.8,17,0.7,0.4,237,,21,,9.2,4.59,13.7,41.9,279,,,,,,,,,,,-
52199,850218,21,24,141,66,7.5,4.5,6,17,0.9,0.4,200,,18,,10.5,4.49,13.9,42,314,,,,,,,,,,,-
52199,850325,18,21,145,57,7.5,4.6,6.2,17,1,0.4,210,,,,8.8,4.53,13.9,42.3,286,,,,,,,0,,,,-
52199,850422,26,24,255,54,7.2,4.5,6,18,0.9,0.5,207,,,,7.8,4.52,13.7,42,214,,,,,,,TR,,,,-
52199,850520,14,9,137,50,7,4.2,5.5,16,0.8,0.4,185,,,,7.8,4.39,13,41.5,307,,,,,,,0,,,,-
52199,850617,15,15,168,55,7.2,4.3,4.7,15,0.9,0.6,187,,,,11.5,4.41,13.6,41.6,247,,,,,,,TR,,,,
52199,850715,22,36,190,64,7.7,4.8,5,15,0.9,0.4,226,,,,11.3,4.8,14.5,45.4,268,,,,,,,,,,,-
52199,850812,,,,,,,,,,,,,21,,,,,,,,,,,,,,,,,+
52199,850909,18,23,177,65,8,4.7,6,13,0.9,0.6,232,,,,11.6,4.75,14.5,45,272,,,,,,,0,,,,-
52199,851007,19,28,148,69,7.8,4.6,5.7,16,0.8,0.4,220,,,,11.8,4.61,14.2,43.3,269,,,,,,,0,,,,-
52199,851111,15,22,145,66,7.7,4.5,5.6,13,0.9,0.3,184,,,,9.8,4.56,14,42.9,300,,,,,,,,,,,-
52199,851216,19,18,183,64,7.9,4.7,5.4,16,0.8,0.4,199,,,,10.9,4.79,14.5,44.7,301,,,,,,,,,,,<0.002
52199,860120,17,24,149,57,7.6,4.4,5.5,16,0.9,0.4,223,,21,,10.5,4.7,14.3,44.1,272,,,,,,,0,,,,<0.002
52199,860217,13,14,133,58,7.4,4.5,5.6,16,0.8,0.4,213,,,,10.1,4.61,14.1,43.5,269,,,,,,,0,,,,-
52199,860317,21,27,182,64,7.6,4.5,5.9,17,0.8,0.4,221,,,,,,,,,,,,,,,0,,,,-
57266,930205,27,23,365,139,8.3,5.2,6.2,12,1,0.6,244,287,,153,7.3,5.69,17.4,52.1,296,,,,,,,-,,,,
57266,930224,,,,,7.5,4.7,5.4,12,1,,261,,,174,,,,,,,,,,,,-,,,,
57266,930302,,,,,,,,,,,270,211,,169,,,,,,,,,,,,-,,,,
57266,930330,,,,,,,,,,,200,311,,97,,,,,,,,,,,,-,,,,
57266,930427,,,,,,,,,,,229,173,,115,5.8,4.9,15.5,44.4,314,,,,,,,-,,,,
57266,930525,,,,,,,,,,,195,381,,152,,,,,,,,,,,,TR,,,,
57266,930622,,,,,7.2,4.6,8.1,17,0.91,,219,256,,104,5.8,5.12,16,47.5,289,,,,,,,-,,,,
57266,930817,,,,,,,,,,,,,,178,6.2,5.04,15.7,46,299,,,,,,,-,,,,
57266,931012,,,,,,,,,,,,,,180,,,,,,,,,,,,-,,,,
57266,931201,19,13,334,121,7.6,4.7,7.4,13,0.82,0.4,242,245,,139,7.2,4.93,15.4,45.1,361,,,,,,,-,,,,<0.3
57266,931207,16,10,296,114,7.5,4.4,6.3,13,0.82,,227,419,,169,,,,,,,,,,,,-,,,,
57266,940104,,,,,,,,,,,,,,143,7.2,5.14,15.9,47.2,293,,,,,,,-,,,,
57266,940301,17,19,327,137,7.7,4.6,5.5,16,0.85,,217,451,,218,,,,,,,,,,,,-,,,,
57266,940426,,,,,,,,,,,,,,141,,,,,,,,,,,,-,,,,
57266,940621,,,,,,,,,,,,,,136,5.9,4.79,15.4,43.8,243,,,,,,,-,,,,
57266,940816,17,14,304,135,6.7,4.2,5.3,15,0.76,,163,418,,168,,,,,,,,,,,,-,,,,
57266,941028,42,54,383,171,8.1,5,6.3,16,0.89,0.4,208,553,,191,,,,,,,,,,,,-,,,,
57266,941213,27,36,323,153,7.7,4.6,5.5,16,0.86,,250,550,,174,6.9,4.83,15.8,44.6,255,,,,,,,-,,,,,,,,
57266,950110,22,26,291,139,7.3,4.5,5.4,10,0.8,,197,665,,159,,,,,,,,,,,,-,,,,,,,,
57266,950404,,,,,,,,,,,,,,150,,,,,,,,,,,,-,,,,,,,,
57266,950502,22,16,328,157,7.8,4.9,6.4,14,0.85,0.5,242,435,,158,5.5,5.03,15.8,48.4,283,,,,,,,-,,,,,,,,
57266,950530,,,,,7.7,4.7,5.3,11,0.73,,238,867,,158,6.1,4.73,15.2,43.8,270,,,,,,,,,,,,,,,
57266,950627,,,,,,,,,,,259,702,,107,,,,,,,,,,,,-,,,,,,,,
57266,950725,,,,,,,,,,,198,713,,182,,,,,,,,,,,,-,,,,,,,,
57266,950919,19,24,289,223,6.5,3.9,5.8,16,0.83,0.4,271,314,,267,8.6,4.64,14.1,42.5,396,,,,,,,-,,,,2.4,+,,,
57266,951017,,,,,,,,,,,,,,208,,,,,,,,,,,,-,,,,,,,,
57266,951219,,,,,,,,,,,282,156,,273,11.3,4.61,14,40.8,400,,,,,,,-,,,,,,,,
57266,960109,,,,,,,,,,,,,,335,,,,,,,,,,,,-,,,,,,,,
57266,960209,9,14,293,215,6.7,3.9,3.6,18,0.54,0.3,363,281,8,499,11,4.82,14.1,42.7,524,,,,,,,-,1285,321,109,3.3,,<20.5,95,37
57266,960220,14,18,292,205,6.4,3.7,3.9,21,0.55,0.3,322,386,9,318,8.5,4.64,13.7,41.5,409,,,,,,,-,1177,308,92,9.2,,<20.5,91,35
57266,960306,13,16,270,192,5.8,3.3,5.4,17,0.62,0.2,300,248,8,427,6.6,4.24,12.5,37.5,469,,,,,,,-,1089,246,77,4,,<20.5,79,30
57266,960605,17,20,252,110,6.5,4,4.7,14,0.75,0.4,269,214,,198,7.3,4.38,13.5,40.3,356,,,,,,,-,,,,<0.2,+-,<16.3,57,21
57266,960628,,,,,,,,,,,,,,163,,,,,,,,,,,,,,,,<0.2,,,,
57266,960719,17,19,298,121,6.5,4.1,4.5,21,0.71,0.4,260,300,,227,8.5,4.2,13.6,40.3,320,,,,,,,-,1121,236,56,<0.2,,<16.3,68,21
57266,960823,16,15,327,126,6.6,4.2,6,19,0.8,0.4,270,261,,177,8.2,4.25,14.3,41.6,275,,,,,,,-,1133,245,55,<0.2,,<19.5,58,22
57266,960918,18,18,349,149,7,4.4,5.8,16,0.79,0.4,263,315,,245,9.5,4.33,14.5,42.7,321,,,,,,,-,1223,264,58,<0.2,+-,<19.5,75,24
57266,961004,18,26,413,173,7.1,4.5,5.4,16,0.81,0.3,263,386,,399,12.5,4.8,16,46.6,350,,,,,,,-,1360,292,68,0.3,,<19.5,,
57266,961108,14,9,333,188,6.6,4.2,6.2,13,0.89,0.3,242,156,37,,9.8,4.18,13.9,39.9,269,,,,,,,-,,,,,,,,
57266,961113,16,13,319,187,6.8,4.3,6,14,0.81,0.3,249,165,,169,8.4,4.32,14.3,40.9,289,,,,,,,-,,,,<0.2,,<19.5,,
57266,961125,12,9,302,155,6.1,3.8,6.6,17,0.95,0.3,207,132,25,170,6.5,4.05,13,38.7,293,,,,,,,,,,,2.9,-,,69,26
57266,961126,,,,,,,,,,,,,,,,,,,,,,,,,,-,,,,,,,,
57266,961128,11,6,315,134,5.5,3.6,5.5,11,0.78,,,,,,5.4,3.87,12.6,37.2,302,,,,,,,,,,,0.7,,,,
57266,961203,,,,,,,,,,,,,,,,,,,,,,,,,,-,,,,,,,,
57266,961206,13,12,314,150,6.1,4,6.2,14,0.82,,225,,,,7.3,4.31,13.9,41.3,319,,,,,,,,,,,<0.2,,,,
57266,961213,11,7,314,157,6.4,4.1,6.2,16,0.9,0.4,226,229,,109,6.7,4.32,14.3,41.4,339,,,,,,,,,,,<0.2,,,,
57266,961216,,,,,,,,,,,,,,,,,,,,,,,,,,-,,,,,,,,
57266,961219,,,,,,,,,,,,,,,,,,,,,,,,,,-,,,,,,,,
57266,961220,12,6,324,155,6.4,4.1,5.8,14,0.91,0.4,241,193,35,,,,,,,,,,,,,,,,,,,,,
57266,970108,15,9,352,151,6.5,4.3,6.3,17,0.93,0.3,219,267,,97,8.3,4.17,14,39.6,306,,,,,,,-,,,,<0.2,,<19.5,,
57266,970110,,,,,,,,,,,232,369,36,,9.7,4.27,14.2,40.6,305,,,,,,,TR,,,,,,,,
57266,970117,,,,,,,,,,,,,,,8.9,4.23,13.9,40.4,302,,,,,,,,1188,255,61,1.2,,,,
57266,970205,11,8,353,143,6.7,4,6.1,20,0.82,0.3,244,110,17,160,10.5,4.26,13.8,40.4,421,,,,,,,-,,,,2.3,,,,
57266,970207,9,4,330,135,6.1,3.6,6,20,0.79,0.3,213,146,17,,11.2,3.97,12.8,37.4,385,,,,,,,-,,,,,,,,
57266,970305,12,6,360,148,6.8,4.3,6.5,18,0.81,0.3,,,,86,13.2,4.45,13.9,42.1,430,,,,,,,-,,,,2.3,+,,84,29
57266,970307,11,6,365,143,6.6,3.9,7.2,19,0.86,0.3,230,234,21,,11.2,4.18,13.1,39.6,386,,,,,,,-,,,,,,,,
57266,970418,15,13,382,141,6.8,4.2,5.9,17,0.81,0.3,224,84,,109,13.8,4.39,14.1,41.8,344,,,,,,,-,1256,251,67,0.4,,32,71,20
57266,970516,13,9,354,143,6.9,4.1,5.8,16,0.83,0.3,232,142,,106,10.3,4.46,14.2,42.7,364,,,,,,,-,1225,249,66,<0.2,,17,,
57266,970523,18,16,359,141,6.4,3.9,5.6,17,0.75,0.3,228,268,39,,11.8,4.43,14.3,42.5,320,,,,,,,-,,,,,,,,
57266,970613,16,13,359,151,6.7,4.1,5.7,15,0.75,0.4,241,136,,229,10.2,4.37,14.2,41.7,326,,,,,,,-,1151,236,59,1.4,,11,75,23
57266,970711,20,15,404,141,6.5,3.9,5.2,13,0.7,0.4,245,199,,160,12.8,4.13,13.4,39.6,348,,,,,,,-,1139,259,61,0.7,,<10,77,25
57266,970808,14,13,376,136,6.4,3.9,5.7,15,0.88,0.3,250,286,,160,10,4.14,13.6,40,290,,,,,,,-,1248,266,58,<0.3,,<10,73,24
57266,970905,18,11,512,131,7,4.2,5.6,9,0.79,0.4,237,146,,101,9.6,4.31,14.3,42.4,276,,,,,,,-,,,,<0.3,,<10,,
57266,971003,16,12,405,137,6.7,4.1,6.7,16,0.82,0.3,267,282,,146,9.6,4.5,15.1,44.4,283,,,,,,,-,1169,264,52,<0.3,,<10,73,24
57266,971119,19,14,404,141,6.7,4.4,6.1,14,0.84,0.5,233,223,40,193,7.3,4.3,14.5,42.2,318,,,,,,,-,,,,<0.3,,<10,,
57266,971217,18,16,418,157,6.6,4.1,6.7,18,0.85,0.5,241,165,,136,9.6,4.29,14.7,42.2,321,,,,,,,-,,,,<0.2,,<10,74,28
57266,980114,30,21,485,162,7.3,4.3,6.1,13,0.83,0.5,,,125,82,8.7,4.61,15.2,44.9,304,,,,,,,-,,,,<0.2,,<10,86,31
57266,980204,31,27,467,159,6.5,3.9,6.1,15,0.85,0.4,209,311,43,199,8.7,4.39,14.2,43.2,274,,,,,,,-,,,,,,,,
58139,810320,,,,,,,,,,,,,,,6.3,4.14,12.4,38.7,,,,,,,,0,,,,-,2+,<40,,
58139,810406,,,,,,,,,,,,,,,5.5,4.18,12.7,40,,,,,,,,,,,,-,2+,<40,,
58139,810427,,,,,,,,,,,,,,,7,4.25,12.7,40.2,,,,,,,,,,,,-,2+,<40,,
58139,810601,20,15,133,40,7.2,4.6,3.1,13,0.8,0.3,184,,,,2.8,4.37,13.2,41.6,,,,,,,,,,,,-,2+,40,,
58139,810629,,,,,,,,,,,,,,,4,3.95,12.4,37.2,,,,,,,,,,,,2+,,,,
58139,810720,,,,,,,,,,,,,,,3.1,4,12.3,37.2,,,,,,,,,,,,-,2+,<40,,
58139,810820,,,,,,,,,,,,,,,4,4.02,12.2,37.1,,,,,,,,0,,,,-,+,<40,,
58139,810914,,,,,,,,,,,,,,,3.4,3.9,11.8,35.5,,,,,,,,0,,,,-,2+,<40,,
58139,811012,,,,,,,,,,,,,,,3.7,3.84,11.6,35.2,,,,,,,,0,,,,-,+,<40,,
58139,811026,,,,,,,,,,,,,,,5.4,3.76,11.5,35.4,,,,,,,,,,,,-,,,,
58139,811130,,,,,,,,,,,,,,,5.2,3.98,12,37.1,,,,,,,,0,,,,-,+,<40,,
58139,820111,,,,,,,,,,,,,,,2.9,3.85,11.8,36.2,,,,,,,,0,,,,-,,,,
58139,820128,,,,,,,,,,,,,,,3.5,4.08,12.4,37.9,,,,,,,,,,,,-,+,<40,,
58139,820208,17,17,119,47,7.6,4.8,3.2,12,1.1,0.4,165,,,,3.4,4.13,12.5,38.6,,,,,,,,0,,,,-,+,<40,,
58139,820225,,,,,,,,,,,,,,,3.6,3.94,11.9,36.9,,,,,,,,0,,,,-,+,<40
58139,820318,20,19,127,49,7.4,4.8,3,13,1,0.4,171,,28,,3.1,3.95,12,36.9,,,,,,,,0,,,,-,+,<40
58139,820422,18,17,131,51,7.9,5,3,13,1,0.4,183,,26,,3.3,4.08,12.5,38.3,,,,,,,,0,,,,-,2+,<40
58139,820603,22,19,132,47,7.7,4.8,3.3,15,1,0.5,178,,26,,3.9,4.01,11.7,36.8,,,,,,,,0,,,,-,2+,<40
58139,820610,22,23,144,40,7.5,4.7,3.2,10,0.9,0.5,169,,21,,2.5,3.97,11.8,35.9,,,,,,,,0,,,,-,+,<40
58139,820819,22,26,127,46,7.3,4.6,3.5,16,0.8,0.5,172,,22,,4.6,2.98,9.2,27.9,155,,,,,,,0,,,,-,2+,40
58139,820916,22,26,129,49,7.9,4.9,3.9,14,0.9,0.5,189,,,,3.7,3.74,11.6,35.6,155,,,,,,,0,,,,-,,
58139,820930,24,19,140,48,7.8,4.7,3.7,10,0.9,0.4,160,,37,,3,3.75,11.3,34.8,,,,,,,,0,,,,-,+,<40
58139,821209,18,19,130,43,7.5,4.9,2.5,13,0.8,0.5,179,,,,3.1,3.87,12.3,36.7,,,,,,,,0,,,,-,2+,40
58139,830110,,,,,,,,,,,,,,,5.1,3.74,11.6,35.1,,,,,,,,,,,,-,,
58139,830127,22,19,121,41,7.4,4.4,3,15,0.9,0.4,158,,20,,2.7,3.82,11.7,36.1,,,,,,,,0,,,,-,2+,<40
58139,830310,27,31,160,44,7.9,4.7,4.2,15,0.9,0.4,148,,,,3.8,4.08,12.3,37,,,,,,,,0,,,,-,2+,40
58139,830414,21,23,126,45,8,4.7,4.4,14,0.9,0.4,163,,29,,3.4,4.03,11.9,36.4,,,,,,,,,,,,-,,
58139,830512,21,20,121,46,7.6,4.7,3.6,14,0.9,0.5,168,,23,,2.4,3.99,11.9,36.9,149,,,,,,,0,,,,-,2+,40
58139,830609,,,,,,,,,,,,,,,3.2,3.92,11.8,36.4,155,,,,,,,0,,,,-,2+,<40
58139,830714,,,,,,,,,,,,,,,4.2,3.76,11.2,33.4,,,,,,,,,,,,+,,
58139,830728,,,,,,,,,,,,,,,2.9,3.76,11.2,34,,,,,,,,0,,,,-,+,<40
58139,830818,,,,,,,,,,,,,,,2.7,3.9,11.5,35,,,,,,,,0,,,,-,,
58139,830908,25,19,133,49,7.7,4.8,3.5,14,0.9,0.5,162,,37,,2.6,3.89,11.9,36,187,,,,,,,0,,,,-,2+,80
58139,831007,18,15,119,50,7.7,4.8,3.6,14,0.9,0.6,164,,21,,3.6,3.68,10.9,33.6,179,,,,,,,0,,,,+,2+,<40
58139,831209,22,18,125,50,7.9,4.8,3.3,14,0.9,0.5,152,,,,3,3.86,11.7,35.2,188,,,,,,,0,,,,-,+,40
58139,840113,,,,,,,,,,,,,,,2.8,3.84,11.8,35.1,171,,,,,,,0,,,,-,+,40
58139,840309,22,16,125,52,7.7,4.7,3.5,13,0.5,0.5,159,,,,3.1,3.91,12,36,188,,,,,,,0,,,,-,+,40
58139,840409,18,14,117,49,7.9,4.8,3.2,15,0.6,0.4,159,,24,,3.3,4.03,12,36.2,,,,,,,,0,,,,-,+,
58139,840514,21,16,143,57,7.8,4.7,3.4,13,0.6,0.4,161,,39,,3.5,3.71,11.6,34.3,190,,,,,,,0,,,,-,+,
58139,840618,19,17,144,46,7.3,4.5,3.6,12,0.6,0.5,158,,39,,2.8,3.68,11.5,33.9,161,,,,,,,0,,,,-,+,
58139,840716,24,18,129,46,7.6,4.5,3.4,17,0.7,0.6,158,,32,,2.9,3.79,11.3,34.7,157,,,,,,,0,,,,-,+,
58139,840910,22,19,124,51,8.2,4.9,3.6,14,0.7,0.6,170,,26,,2.4,3.77,11.4,34.4,157,,,,,,,0,,,,-,2+,
58139,841112,23,24,126,47,7.5,4.5,3.4,17,0.7,0.4,149,,27,,4.6,2.74,8.6,25,175,,,,,,,0,,,,-,2+,
58139,850117,26,21,128,50,7.9,4.7,2.6,10,0.6,0.5,161,,,,2.3,4.16,12.4,38,183,,,,,,,0,,,,-,2+,
58139,850307,22,22,119,53,8,4.8,4.1,14,0.6,0.5,160,,23,,3.7,4.06,12.5,38.5,193,,,,,,,0,,,,-,+,
58139,850509,18,16,114,49,7.6,4.6,3.7,15,0.6,0.4,164,,24,,2.6,3.93,12.1,37.7,192,,,,,,,0,,,,-,+,
58139,850606,17,15,123,52,7.7,4.7,3.4,14,0.7,0.5,155,,37,,2.4,3.86,11.8,36.7,171,,,,,,,0,,,,-,+,,,
58139,850704,17,13,118,51,7.7,4.7,4.1,16,0.7,0.4,159,,26,,2.5,3.82,11.7,36.4,176,,,,,,,0,,,,-,+,,,
58139,850905,20,19,135,53,8.1,4.9,3.6,13,0.6,0.5,159,,34,,2.9,3.85,11.8,37,175,,,,,,,0,,,,-,+,,,
58139,851107,19,14,118,55,7.7,4.6,3,14,0.7,0.3,146,,24,,2.6,3.88,11.8,37.7,168,,,,,,,0,,,,-,+,,,
58139,851219,20,18,120,51,8.3,4.9,3.5,12,0.5,0.4,150,,20,,3.6,4.19,12.9,39.9,203,,,,,,,0,,,,-,+,,,
58139,860116,20,16,117,54,8.5,5.1,2.9,13,0.6,0.4,172,,21,,3.2,4.28,13.1,40.4,184,,,,,,,0,,,,-,2+,,,
58139,860227,18,16,132,73,8.1,4.8,3,12,0.6,0.4,165,,32,,3.7,4.17,12.6,39.6,210,,,,,,,0,,,,-,+,<40,,
58139,860306,,,,,,,,,,,,,,,4,3.91,11.9,37.2,226,,,,,,,,,,,-,2+,,,
71417,870619,26,14,125,75,8,4.1,5,15,0.7,0.7,185,,,,8,3.81,11.1,36.2,107,,,,,,,-,,,,2+,-,,,
71417,870622,,,,,,,,,,,,,26,,,,,,,,,,,,,,2882,717,263,,,<23.3,78,33
71417,870706,32,31,133,75,7.4,3.7,4.2,15,0.6,0.4,180,,,,8.1,3.5,10.1,33.2,127,,,,,,,,,,,+,,,,
71417,870803,14,3,132,86,7.7,3.9,4.3,21,0.6,0.5,204,,,,8.1,3.59,10.5,34.2,103,,,,,,,,,,,<0.002,-,<17.8,81,31
71417,871012,20,11,122,85,7.4,3.7,4.1,20,0.6,0.3,189,,,,9.1,3.32,8.9,30.1,74,,,,,,,,2383,637,232,+,-,<23.0,83,33
71417,871109,24,11,124,85,7.6,3.9,4.5,17,0.6,0.4,189,,,,7.8,3.33,8.6,29.9,82,,,,,,,-,,,,+,,,,
71417,871207,,,,,,,,,,,,,,,10.2,3.41,8.6,29.2,148,,,,,,,-,,,,1.3,,,,
71417,880125,27,18,114,86,7.9,4,5.4,19,0.7,0.4,212,,,,6.8,3.63,9.1,31.6,101,,,,,,,-,,,,0.4,,,,
71417,880229,26,12,127,73,7.6,3.9,4.2,18,0.6,0.3,184,,,,9,3.82,10.2,34.3,93,,,,,,,-,,,,0.3,-,<19.8,87,34
71417,880328,,,,,,,,,,,,,,,8.2,3.31,9.4,30.5,147,,,,,,,,,,,0.6,,,,
71417,880425,20,15,119,82,7.3,3.7,4.6,17,0.6,0.5,168,,29,,6.4,3.33,9.4,30.8,109,,,,,,,-,,,,0.5,-,,,
81043,810218,65,98,270,72,7.4,4.2,4.2,11,0.9,0.4,184,,32,,4.7,4.96,12.7,40.5,219,,,,,,,0,,,,2+,,,,
81043,810318,64,99,225,86,7.8,4.3,4.4,9,0.7,0.4,176,,13,,6.6,4.96,12.5,39.3,222,,,,,,,,,,,+,,,,
81043,810401,291,454,544,84,8.1,4.5,6.2,14,0.6,0.8,212,,31,,6.7,5.27,13.7,43.2,,,,,,,,0,,,,+,+,160,,
81043,810415,923,1388,593,98,8,4.3,5,9,0.7,0.8,185,,17,,3.6,5.21,13.4,41.6,,,,,,,,TR,,,,+,2+,80,,
81043,810423,541,1171,330,106,8.1,4.5,3.4,10,0.8,0.6,191,,,,4.5,5.51,13.8,44.1,326,,,,,,,TR,,,,-,,,,
81043,810430,362,845,311,108,7.3,4,3.3,12,0.7,0.6,200,,44,,4.2,5.37,13.9,43.2,286,,,,,,,0,,,,-,+,160,,
81043,810506,218,511,295,107,7.7,4.3,4.3,17,,0.5,218,,16,,4.3,5.27,13.8,43.5,,,,,,,,0,,,,-,2+,<40,,
81043,810513,87,217,260,93,7.2,4.1,4.6,9,0.8,0.5,218,,22,,3.1,4.95,13.2,40.4,236,,,,,,,0,,,,-,2+,80,,
81043,810527,41,52,290,84,7.8,4.3,3.4,12,0.8,0.5,223,,24,,3.2,5.28,14,43.2,278,,,,,,,0,,,,-,2+,320,,
81043,810610,43,38,342,74,7.3,4.4,3.5,8,0.8,0.6,215,,,,3.1,4.9,13,39.9,232,,,,,,,,,,,+,2+,160,,
81043,810624,39,36,300,68,7.2,4,4.3,9,0.7,0.4,195,,12,,3.9,4.94,13.1,40,272,,,,,,,,,,,+,2+,80,,
81043,810630,33,31,355,72,7.5,4.2,4.4,10,1,0.5,201,,17,,, , ,
,,,,,,,,0,,,,-,2+,80,,
81043,810715,48,36,292,66,7.5,4.1,6.8,9,0.8,1,175,,21,,4.2,4.73,12.7,39.1,222,,,,,,,TR,,,,3+,2+,640,,
81043,810722,,,,,,,,,,,,,13,,4.1,4.85,13.3,38.7,,,,,,,,,,,,+,2+,<40
81043,810729,40,54,262,67,6.9,3.8,4.1,10,0.7,0.4,221,,5,,4.2,4.77,12.7,38.9,231,,,,,,,,,,,-,2+,<40
81043,810812,27,34,205,70,7.2,4,3.3,8,0.6,0.4,224,,13,,3.5,4.77,12.4,38.8,249,,,,,,,0,,,,+,+,160
81043,810826,36,43,221,74,7.5,4.2,4.9,12,0.7,0.5,230,,14,,3.6,4.84,12.8,39.1,202,,,,,,,0,,,,+,2+,160
81043,810909,35,33,202,74,7.9,4.4,4.3,12,0.3,0.4,240,,14,,3.1,5.04,12.7,40.6,275,,,,,,,0,2140,272,168,+,+,80
81043,810922,35,36,205,72,7.4,4.2,4.2,10,0.7,0.5,224,,10,,2.8,4.99,12.8,40.2,255,,,,,,,,,,,+,+,80
81043,811007,33,31,229,62,7.3,4.3,5.5,12,0.8,0.5,232,,,,2.6,5.03,12.9,40.1,251,,,,,,,,,,,+,+,320
81043,811020,30,29,196,66,7.5,4.4,4.5,11,0.8,0.5,252,,10,,2.4,5.06,13.4,40.4,211,,,,,,,0,,,,<0.002,+,160
81043,811105,25,23,250,63,7.4,4.3,4.2,11,0.9,0.5,240,,32,,3.2,5.22,13.6,41.7,248,,,,,,,,,,,-,+,160
81043,811118,32,28,201,69,7.2,4.1,5.2,12,0.8,0.4,213,,,,2.5,4.98,12.9,39.5,191,,,,,,,0,,,,+,+,<40
81043,811209,30,29,208,67,7.2,4.2,4.1,10,0.8,0.4,215,,16,,2.7,4.89,12.6,38.4,243,,,,,,,0,,,,+,+,320
81043,811223,33,35,215,75,7.4,4.5,4,12,0.9,0.4,230,,18,,4,5.1,13.1,40.4,292,,,,,,,,,,,-,+,320
81043,820106,29,27,181,70,7.5,4.6,3.7,9,0.9,0.3,230,,12,,4.3,5.38,13.7,42.1,238,,,,,,,0,,,,<0.002,+,320
81043,820120,34,47,198,71,6.8,3.8,4.4,14,0.9,0.3,228,,14,,4.8,4.89,12.3,38.3,364,,,,,,,0,,,,<0.002,2+,320
81043,820215,56,38,534,74,8,4.7,6.8,15,1.1,1,251,,41,,5.6,5.48,14,43.5,253,,,,,,,0,,,,2+,2+,
81043,820414,45,42,219,64,7.5,4.6,5.3,10,0.9,0.5,167,,16,,2.4,4.88,12.5,38.5,284,,,,,,,0,,,,+,+,160
81043,820511,43,43,196,79,7.8,4.6,5,9,1.1,0.5,182,,11,,2.3,4.97,12.4,38.9,302,,,,,,,,,,,+,-,<40
81043,820608,47,40,214,78,7.8,4.3,4.6,9,0.9,0.5,172,,11,,3.2,4.89,12.4,38.2,351,,,,,,,0,,,,+,+,40
81043,820713,37,37,227,84,7.8,4.5,4.6,11,1,0.4,188,,,,3,5.15,12.8,40.3,368,,,,,,,,2444,378,122,+,+,
81043,820810,40,35,199,74,7.4,4.1,5.1,10,0.8,0.4,183,,0,,2.9,5.16,12.8,40.2,356,,,,,,,0,,,,+,,
81043,820901,32,24,204,66,7.4,4.2,4.3,10,0.8,0.4,172,,14,,1.9,4.99,12.3,38.6,357,,,,,,,,,,,2+,+,
81043,820913,35,39,174,75,7.9,4.4,3.8,12,0.8,0.4,221,,8,,2.8,5.1,12.8,40,362,,,,,,,,,,,-,+-,
81043,821012,46,49,217,74,8,4.5,5.3,14,0.7,0.5,236,,13,,5.1,5.3,13.6,42,367,,,,,,,,,,,<0.002,+,
81043,821109,37,40,177,65,7.1,4,4.3,11,0.7,0.4,222,,20,,2.5,4.82,12.5,38.4,349,,,,,,,,,,,+,+,
81043,821208,46,48,195,74,8,4.6,3.9,11,0.7,0.6,237,,,,2.7,5.15,12.9,41.2,327,,,,,,,,,,,2+,+,
81043,830106,51,55,179,74,7.6,4.4,4.4,11,0.9,0.4,190,,,,4,5,13,40.3,328,,,,,,,,,,,,,
81043,830114,45,41,240,68,8.2,4.6,9.5,16,0.9,1.5,202,,,,7.2,5.41,14.2,42.6,,,,,,,,,,,,6+<,,
81043,830119,32,26,156,59,7.6,4.4,4.6,11,0.9,0.5,237,,,,5.3,4.9,12.7,38.7,380,,,,,,,0,,,,+,,
81043,830202,48,70,266,69,7.5,4.3,4.4,11,0.8,0.7,276,,,,5.3,5.02,13,40.9,336,,,,,,,,,,,<0.002,+,40
81043,830218,45,41,171,63,7.5,4.2,5.7,13,0.8,0.6,237,,10,,5.8,5.12,12.9,40.4,350,,,,,,,,,,,4+,2+,
81043,830302,37,47,168,70,7.6,4.6,2.9,9,0.7,0.4,236,,,,4.9,5.06,13,39.3,403,,,,,,,,1752,311,103,-,+,40
81043,830318,48,43,206,66,7.3,4.3,5.6,11,0.9,0.5,207,,,,4.5,5.33,13.6,41.7,287,,,,,,,,,,,+,+,
81043,830406,31,38,163,72,7.8,4.4,3.5,10,0.8,0.4,194,,,,4.5,5.23,13.3,39.9,417,,,,,,,,,,,<0.002,+,80
81043,830418,48,40,176,69,7.1,4.2,3.9,9,0.7,0.8,187,,,,2.9,4.95,12.5,38.4,309,,,,,,,0,,,,2+,,
81043,830504,42,32,218,75,7.4,4.3,4.9,10,0.7,0.6,181,,,,3,5.01,12.5,38.3,333,,,,,,,,1664,216,77,<0.002,+,<40
81043,830601,57,69,173,88,7.1,4.3,4.7,12,0.8,0.5,202,,,,5.5,4.97,12.3,38.3,389,,,,,,,,,,,+,+,
81043,830629,35,46,161,93,7.9,4.6,3.8,13,0.7,0.4,197,,,,4.3,5.48,13.3,42,411,,,,,,,,,,,-,+,<40
81043,830728,40,53,194,79,7.5,4.4,4.4,14,0.8,0.5,222,,14,,4.7,5.43,13.5,41.9,327,,,,,,,0,,,,+,,
81043,830825,32,47,160,70,7.6,4.5,3.8,9,0.7,0.5,214,,,,4.4,5.39,13.4,41.5,303,,,,,,,,,,,<0.002,+,160
81043,830920,44,51,173,65,6.8,4.1,4.7,8,0.9,0.5,169,,,,5.2,4.99,12.8,38.6,304,,,,,,,0,,,,+,2+,80
81043,831116,39,46,190,78,7.3,4.4,5.4,10,1.1,0.5,186,,,,5.3,4.91,12.6,38.6,313,,,,,,,,,,,-,+,
81043,840120,33,33,182,89,7.4,4.4,5.3,10,0.5,0.5,150,,,,5.2,4.7,12.1,36.2,309,,,,,,,,,,,+,,
81043,840215,33,27,180,101,7.5,4.3,4.7,11,0.4,0.4,147,,,,5.2,4.75,11.8,36.3,329,,,,,,,,1882,342,84,+,+,160
81043,840425,32,18,238,110,8.3,4.6,4.6,10,0.4,0.6,170,,,,3.9,4.8,12,36,347,,,,,,,0,,,,+,,80
81043,840620,36,22,228,104,8.1,4.6,4.9,9,0.5,0.5,173,,,,5,4.74,11.6,35,117,,,,,,,0,2236,399,82,2+,+,40
81043,840719,,,,,,,,,,,,,,,3.9,4.5,10.9,33.4,,,,,,,,,,,,2+,,
81043,840920,,,,,,,,,,,,,,,3.4,4.42,10.7,33.8,350,,,,,,,0,,,,+,+,80
81043,841115,26,13,187,116,7.2,4.2,4.9,7,0.5,0.5,131,,,,3.6,4.77,11.8,35.8,295,,,,,,,0,,,,2+,,
81043,850215,27,18,165,119,7.8,4.4,4,9,0.4,0.5,142,,12,,3.8,5.05,12.5,39.3,263,,,,,,,0,,,,2+,,160
81043,850418,27,11,226,94,7.5,4.3,4.4,10,0.4,0.6,136,,17,,3.7,4.76,11.8,37.3,270,,,,,,,,,,,2+,,
81043,850704,20,10,168,79,7.7,4.2,4.6,10,0.4,0.6,136,,23,,5.3,4.43,11.2,35.2,282,,,,,,,TR,,,,5+,+,80
81043,850729,,,,,,,,,,,,,,,4.1,4.62,11.2,37.3,315,,,,,,,,,,,2+,+,80
81043,851003,22,15,179,65,7.4,4.1,4.2,10,0.5,0.4,174,,,,3.3,4.75,11.4,37.9,342,,,,,,,0,,,,2+,+,40
81043,851205,24,21,198,62,7.3,4,5,10,0.5,0.4,159,,,,5.2,4.98,11.9,38.9,290,,,,,,,0,,,,2+,+,320
81043,860130,21,13,209,70,7.8,4.2,4.7,8,0.5,0.4,170,,13,,3.3,4.98,11.7,39,258,,,,,,,0,,,,2+,+,320
102490,810512,27,17,154,144,8.1,4.1,4,12,0.8,0.5,109,84,37,,6.6,4.25,12,37.2,354,,,,,,,0,,,,2+,,
102490,820625,28,19,150,155,7.8,4.3,4.9,12,0.8,0.6,135,70,27,,,,,,,,,,,,,TR,,,,2+,+,
102490,820709,30,26,144,137,7.2,4.2,4.3,13,1,0.6,126,,,,7.7,4.29,13.1,40.4,311,,,,,,,0,,,,+,,
102490,820722,26,21,149,124,7,3.9,4.1,13,0.9,0.6,139,,,,7.6,4.13,12.8,38.9,289,,,,,,,0,2247,624,167,+,+,
102490,820804,30,25,144,126,7.4,4,3.9,10,0.9,0.6,154,75,,,6.2,4.49,14,43,307,,,,,,,0,,,,+,,
102490,820817,28,26,129,116,6.6,3.6,3.7,8,0.8,0.5,137,59,19,,7.9,3.84,12.1,38,224,,,,,,,,2040,548,151,<0.002,+,<40
102490,820823,26,21,135,121,6.8,3.8,4.4,11,0.8,0.6,146,,,,7.7,3.92,12.6,38.1,316,,,,,,,,2073,536,152,2+,,
102490,820902,45,34,213,128,7.4,4.1,5.1,14,0.9,0.7,148,73,,,,,,,,,,,,,,0,2183,628,168,2+,+,
102490,820920,36,23,149,127,7.7,4.3,4.7,10,0.8,0.6,154,70,27,,8.2,4.3,14.1,42.1,295,,,,,,,0,,,,2+,+,
102490,821004,,21,,116,8,4.8,,13,0.8,1.6,159,67,26,,8.9,4.2,13.4,41.2,212,,,,,,,0,,,,2+,+,
102490,821101,,,,,,,,,,,,,,,9.8,4.12,12.9,39.7,334,,,,,,,0,,,,2+,+,
102490,821206,20,9,141,116,7.5,4.4,5.2,18,0.8,0.5,144,54,23,,11.4,3.99,12.7,38,272,,,,,,,0,,,,2+,+-,
102490,830112,22,13,123,131,7.2,4.1,5.2,14,1,0.5,147,,,,11.3,4.31,13.2,41,354,,,,,,,,,,,2+,+,
102490,830121,25,15,132,142,7.9,4.3,6.8,17,1,0.4,162,,,,6.7,4.59,14.3,43.7,321,,,,,,,0,2196,601,176,2+,+,
102490,830204,20,9,133,127,7.6,4,5.5,17,1,0.5,154,69,,,9.4,4.17,12.8,38.9,373,,,,,,,0,2202,588,285,5+,+,
102490,830217,24,16,124,110,7.1,3.9,7.2,14,1,0.6,147,70,19,,,,,,,,,,,,,0,,,,+,+,
102490,830221,24,14,122,116,7.6,4.3,6.2,13,0.7,0.7,162,,,,,,,,,,,,,,,,,,,,,
102490,830222,24,12,195,115,7.5,4.3,6.1,14,1,0.7,160,,,,,,,,,,,,,,,,,,,,,
102490,830223,22,11,169,112,7.5,4.1,5.7,13,0.9,0.6,153,,,,,,,,,,,,,,,,,,,,,
102490,830310,21,9,132,116,7.7,4.3,4.9,10,0.9,0.6,159,74,,,6.3,4.31,13,39.5,376,,,,,,,0,2020,549,220,2+,+,
102490,830324,28,21,121,134,8.3,4.6,5.7,13,0.9,0.6,175,84,,,8.8,4.56,13.9,41.9,361,,,,,,,1,2323,667,241,+,+,
102490,830414,26,20,114,109,7,3.9,4.9,9,1,0.4,142,84,,,8.9,4.13,12.6,38.1,331,,,,,,,0,2023,534,187,+,+,
102490,830502,27,18,112,127,7.1,4,4.8,13,0.9,0.3,139,57,,,5.3,3.47,10.7,31.4,28,,,,,,,0,1728,386,187,2+,+,
102490,830513,24,19,110,128,6.9,3.8,4.2,10,0.9,0.3,142,78,,,7.6,4.07,12.3,37,132,,,,,,,0,,,,2+,+,
102490,830526,23,12,123,122,7.1,4,5.5,14,0.9,0.3,152,62,18,,8.6,4.17,12.8,38,277,,,,,,,0,1854,522,200,+,+,<40
102490,830808,15,10,138,100,7.9,4.5,6,22,1,0.5,167,,26,,10.1,4.03,12.3,37,377,,,,,,,0,,,,+,+,
102490,830906,25,14,133,103,7.7,4.5,5.5,14,0.9,0.5,166,,29,,8.7,3.99,12.7,36.8,289,,,,,,,0,2021,521,156,-,+,<40
102490,831108,16,7,134,108,7.6,4.5,4.8,8,1,0.5,139,113,30,,8.2,4.09,12.5,37.7,379,,,,,,,0,,,,2+,,
102490,840716,19,9,128,81,7.3,4.2,4.4,11,0.6,0.7,138,57,20,,9,3.85,11.6,34.9,288,,,,,,,0,,,,+,+,
102490,850425,31,46,142,103,7.6,4.5,3.7,10,0.6,0.5,156,,31,,7.3,4.27,12.9,41,284,,,,,,,0,,,,+,2+,
102490,851028,23,9,171,107,7.6,4.4,4.4,11,0.8,0.6,144,,34,,6.6,4.09,12.3,38.7,268,,,,,,,0,,,,+,+,80
102490,860224,29,11,209,147,8.1,4.5,4.6,11,0.5,0.7,155,,35,,,,,,,,,,,,,0,,,,+,,
102490,860324,25,19,127,143,7.8,4.5,4.3,10,0.5,0.4,159,,31,,5.7,4.28,12.9,40.5,269,,,,,,,0,,,,+,,
102490,860421,27,16,136,122,7.7,4.4,4.4,11,0.5,0.4,159,,34,,6.5,4.29,13,39.4,249,,,,,,,0,,,,<0.002,+,
102490,860512,20,12,176,115,7.2,4.3,5.2,21,0.7,0.8,224,116,,,13.8,4.54,14,42.2,275,,,,,,,0,,,,,,
108788,810326,23,12,123,98,9.6,5,5.7,17,1.1,0.8,195,,18,,3.9,4.05,11.9,36.4,263,,,,,,,TR,,,,+,2+,320
108788,810403,23,16,114,82,8.6,4.6,5.4,15,0.8,0.6,154,,19,,3.2,3.83,11.1,34.8,257,,,,,,,0,,,,+,+,80
108788,810407,27,19,108,82,8.6,4.7,5.4,15,1,0.7,173,117,,,3.1,3.84,11.3,34.9,245,,,,,,,TR,2948,300,152,-,+,
108788,810409,,,,,,,,,,,,,,,,,,,,,,,,,,TR,,,,,,
108788,810413,,,,,,,,,,,,,,,,,,,,,,,,,,0,,,,,,
108788,810414,22,13,127,82,9.3,4.8,5,14,1,0.8,164,,,,4.9,4.26,12.6,38.7,218,,,,,,,TR,,,,-,2+,
108788,810525,24,14,118,78,9.5,5,4,13,1,0.7,165,,,,3.6,4.05,12.2,37.2,218,,,,,,,1,,,,-,2+,
108788,810601,,,,,,,,,,,,,,,3.9,4.42,13.2,41.2,229,,,,,,,,,,,+,,
108788,810914,,,,,,,,,,,,,,,3.4,4.03,12,37.2,200,,,,,,,0,,,,,,
108788,811109,24,16,126,80,9.5,5.2,5.8,13,1,0.6,201,,,,3.7,4.07,12.4,37.9,197,,,,,,,TR,,,,,,
108788,811214,,,,,,,,,,,,,,,4.2,3.88,12,36.3,207,,,,,,,0,,,,+,,
108788,820118,,,,,,,,,,,,,,,,,,,,,,,,,,0,,,,,,
108788,820201,21,14,116,75,9,4.9,4.6,15,1,0.6,176,,,,,,,,,,,,,,,0,,,,,,
108788,820308,,,,,,,,,,,,,,,3.7,3.82,11.8,35.5,164,,,,,,,0,,,,,,
108788,820412,21,13,120,66,9.1,5.1,5.2,12,1,0.8,169,,,,3.3,4.17,12.5,39,182,,,,,,,,,,,,,
108788,820705,,,,,,,,,,,,,,,4.2,4.28,13,40,161,,,,,,,TR,,,,-,+,
108788,820809,22,19,119,76,8.9,4.7,4.9,13,1,0.8,170,,,,3.4,3.85,11.8,36,209,,,,,,,,,,,-,,
108788,821206,19,9,120,67,8.7,4.9,4.7,14,0.8,0.5,159,,,,,,,,,,,,,,,0,,,,,,
108788,830307,27,16,129,76,8.9,4.6,4.7,16,0.9,0.7,181,,,,3.4,4.2,12.6,38.4,,,,,,,,1,,,,-,,
108788,830314,,,,,,,,,,,,,,,,,,,,,,,,,,TR,,,,,,
108788,830502,29,17,120,71,9,4.7,5.3,14,0.9,0.7,174,,,,,,,,,,,,,,,,,,,,,
108788,830829,35,20,213,69,8.3,4.3,5.6,14,0.9,1,156,,,,3.5,3.86,11.8,35.2,175,,,,,,,,,,,-,+,320
108788,831003,26,20,140,69,8.6,4.6,6.1,16,1,1,163,,,,,,,,,,,,,,,,,,,,,
108788,831107,24,18,124,72,9,4.7,5.4,14,1,0.7,158,,,,3.6,3.95,12.2,36.2,210,,,,,,,,,,,-,,
108788,831205,,,,,,,,,,,,,,,4.9,4.02,11.7,37.2,207,,,,,,,0,,,,+,,
108788,840213,,,,,,,,,,,,,,,4.3,4.22,12.5,38.7,215,,,,,,,,,,,<0.002,,
108788,840326,32,17,217,68,9.4,4.7,5.9,15,0.7,1,172,,,,3,3.95,12.1,36.8,185,,,,,,,0,,,,-,,
108788,840416,,,,,,,,,,,,,,,3.4,4.06,12.1,37.3,202,,,,,,,TR,,,,<0.002,,
108788,840604,,,,,,,,,,,,,,,2.8,3.94,12.1,36.7,206,,,,,,,,,,,-,,80
108788,840702,,,,,,,,,,,,,,,3.1,4.03,12.1,36.8,200,,,,,,,,,,,+,,
108788,840813,,,,,,,,,,,,,,,3.7,3.81,11.7,35.3,177,,,,,,,,,,,,,
108788,841015,33,20,124,70,8.8,4.6,5.3,14,0.7,1.1,162,,,,2.8,3.7,11.7,34.6,199,,,,,,,0,,,,,,
108788,841112,,,,,,,,,,,,,,,3.1,4.05,12.5,37.7,185,,,,,,,TR,,,,-,,
108788,841203,,,,,,,,,,,,,,,3.1,3.84,11.8,36.2,184,,,,,,,TR,,,,,,
108788,850107,38,29,172,86,9.4,4.9,5.1,19,0.8,0.8,171,,,,3.2,4.28,12.4,40,218,,,,,,,,,,,,,
108788,850225,,,,,,,,,,,,,,,5.1,3.78,12,36.8,225,,,,,,,0,,,,-,,
108788,850507,25,22,125,79,9.2,4.8,4.9,11,0.7,0.8,154,,,,4.2,4.14,12.9,39.9,188,,,,,,,1,,,,-,+,
108788,850513,,,,,,,,,,,,,,,,,,,,,,,,,,,,,,2+,,
108788,850520,,,,,,,,,,,,,,,3.6,3.9,12,37.7,207,,,,,,,0,,,,-,
108788,851021,,,,,,,,,,,,,,,4,3.76,11.8,36.9,191,,,,,,,,,,,2+,
108788,851118,,,,,,,,,,,,,,,3.7,4.03,12.2,38.8,162,11.3,,,,,,,,,,<0.002,
108788,860113,,,,,,,,,,,,,,,3.6,3.84,11.8,36.2,199,,,,,,,,,,,-,
108788,860310,,,,,,,,,,,,,,,3.6,4.15,12.7,39,169,,,,,,,,,,,-,
108788,860317,22,16,113,71,8.8,4.5,5.8,14,0.6,0.7,146,110,,,3.3,4.11,12.4,39.1,172,,,,,,,0,,,,-,+
,,,,,,,,,,,,,,7.5,4.39,12.5,37.1,218,,,,,,,,,,,-,,,
,,,,,,,,,,,,,,,,,,,,,,,,,,,,,-,,,


